COUNTYFP,NEVER,RARELY,SOMETIMES,FREQUENTLY,ALWAYS,MODE_USAGE,STATE
16001,0.118,0.078,0.084,0.194,0.526,ALWAYS,Idaho
16003,0.094,0.216,0.218,0.218,0.254,ALWAYS,Idaho
16005,0.084,0.193,0.176,0.195,0.352,ALWAYS,Idaho
16007,0.151,0.12,0.102,0.243,0.385,ALWAYS,Idaho
16009,0.038,0.059,0.15,0.152,0.601,ALWAYS,Idaho
16011,0.095,0.197,0.175,0.229,0.304,ALWAYS,Idaho
16013,0.155,0.107,0.102,0.13,0.506,ALWAYS,Idaho
16015,0.057,0.038,0.038,0.549,0.318,FREQUENTLY,Idaho
16017,0.088,0.116,0.119,0.241,0.436,ALWAYS,Idaho
16019,0.096,0.202,0.188,0.247,0.268,ALWAYS,Idaho
16021,0.045,0.171,0.061,0.185,0.537,ALWAYS,Idaho
16023,0.107,0.213,0.159,0.222,0.298,ALWAYS,Idaho
16025,0.186,0.03,0.047,0.098,0.639,ALWAYS,Idaho
16027,0.113,0.095,0.17,0.24,0.381,ALWAYS,Idaho
16029,0.1,0.181,0.191,0.202,0.326,ALWAYS,Idaho
16031,0.134,0.223,0.102,0.149,0.392,ALWAYS,Idaho
16033,0.119,0.228,0.196,0.239,0.218,FREQUENTLY,Idaho
16035,0.037,0.112,0.127,0.25,0.475,ALWAYS,Idaho
16037,0.069,0.029,0.199,0.244,0.458,ALWAYS,Idaho
16039,0.206,0.044,0.038,0.173,0.539,ALWAYS,Idaho
16041,0.131,0.118,0.085,0.256,0.41,ALWAYS,Idaho
16043,0.111,0.206,0.202,0.247,0.233,FREQUENTLY,Idaho
16045,0.119,0.136,0.111,0.198,0.436,ALWAYS,Idaho
16047,0.211,0.202,0.089,0.153,0.345,ALWAYS,Idaho
16049,0.045,0.094,0.164,0.275,0.423,ALWAYS,Idaho
16051,0.099,0.208,0.192,0.249,0.252,ALWAYS,Idaho
16053,0.175,0.219,0.096,0.167,0.343,ALWAYS,Idaho
16055,0.146,0.105,0.17,0.22,0.359,ALWAYS,Idaho
16057,0.002,0.012,0.066,0.328,0.592,ALWAYS,Idaho
16059,0.109,0.173,0.231,0.125,0.362,ALWAYS,Idaho
16061,0.027,0.073,0.157,0.285,0.459,ALWAYS,Idaho
16063,0.18,0.2,0.105,0.135,0.379,ALWAYS,Idaho
16065,0.101,0.207,0.196,0.25,0.245,FREQUENTLY,Idaho
16067,0.134,0.219,0.106,0.152,0.39,ALWAYS,Idaho
16069,0.009,0.03,0.117,0.326,0.517,ALWAYS,Idaho
16071,0.083,0.173,0.153,0.185,0.406,ALWAYS,Idaho
16073,0.123,0.137,0.146,0.171,0.423,ALWAYS,Idaho
16075,0.081,0.199,0.174,0.242,0.304,ALWAYS,Idaho
16077,0.078,0.205,0.152,0.185,0.381,ALWAYS,Idaho
16079,0.068,0.144,0.299,0.147,0.342,ALWAYS,Idaho
16081,0.099,0.189,0.19,0.25,0.272,ALWAYS,Idaho
16083,0.166,0.222,0.101,0.177,0.335,ALWAYS,Idaho
16085,0.041,0.118,0.102,0.378,0.361,FREQUENTLY,Idaho
16087,0.136,0.13,0.324,0.172,0.239,SOMETIMES,Idaho
19001,0.073,0.128,0.128,0.307,0.364,ALWAYS,Iowa
19003,0.148,0.11,0.15,0.311,0.281,FREQUENTLY,Iowa
19005,0.138,0.049,0.132,0.212,0.469,ALWAYS,Iowa
19007,0.044,0.11,0.239,0.193,0.413,ALWAYS,Iowa
19009,0.224,0.073,0.194,0.187,0.322,ALWAYS,Iowa
19011,0.098,0.067,0.13,0.2,0.504,ALWAYS,Iowa
19013,0.032,0.053,0.18,0.289,0.447,ALWAYS,Iowa
19015,0.09,0.08,0.1,0.197,0.533,ALWAYS,Iowa
19017,0.048,0.062,0.197,0.268,0.424,ALWAYS,Iowa
19019,0.021,0.124,0.087,0.394,0.373,FREQUENTLY,Iowa
19021,0.183,0.062,0.26,0.207,0.288,ALWAYS,Iowa
19023,0.052,0.094,0.208,0.23,0.417,ALWAYS,Iowa
19025,0.212,0.117,0.213,0.153,0.304,ALWAYS,Iowa
19027,0.153,0.11,0.241,0.139,0.358,ALWAYS,Iowa
19029,0.341,0.07,0.124,0.238,0.227,NEVER,Iowa
19031,0.026,0.096,0.142,0.355,0.381,ALWAYS,Iowa
19033,0.061,0.365,0.146,0.213,0.215,RARELY,Iowa
19035,0.183,0.105,0.221,0.182,0.309,ALWAYS,Iowa
19037,0.075,0.136,0.197,0.236,0.356,ALWAYS,Iowa
19039,0.078,0.167,0.143,0.194,0.418,ALWAYS,Iowa
19041,0.224,0.035,0.112,0.189,0.441,ALWAYS,Iowa
19043,0.123,0.084,0.137,0.284,0.371,ALWAYS,Iowa
19045,0.092,0.13,0.079,0.269,0.43,ALWAYS,Iowa
19047,0.089,0.045,0.141,0.064,0.66,ALWAYS,Iowa
19049,0.036,0.102,0.118,0.26,0.485,ALWAYS,Iowa
19051,0.038,0.101,0.249,0.201,0.411,ALWAYS,Iowa
19053,0.248,0.132,0.258,0.068,0.294,ALWAYS,Iowa
19055,0.035,0.137,0.137,0.408,0.283,FREQUENTLY,Iowa
19057,0.135,0.081,0.109,0.122,0.553,ALWAYS,Iowa
19059,0.276,0.027,0.091,0.173,0.433,ALWAYS,Iowa
19061,0.037,0.155,0.189,0.189,0.43,ALWAYS,Iowa
19063,0.241,0.083,0.067,0.181,0.428,ALWAYS,Iowa
19065,0.054,0.075,0.128,0.349,0.394,ALWAYS,Iowa
19067,0.063,0.271,0.148,0.25,0.268,RARELY,Iowa
19069,0.088,0.278,0.187,0.186,0.261,RARELY,Iowa
19071,0.048,0.061,0.071,0.209,0.611,ALWAYS,Iowa
19073,0.116,0.141,0.235,0.153,0.354,ALWAYS,Iowa
19075,0.038,0.042,0.203,0.238,0.48,ALWAYS,Iowa
19077,0.162,0.073,0.143,0.283,0.34,ALWAYS,Iowa
19079,0.143,0.118,0.129,0.153,0.457,ALWAYS,Iowa
19081,0.08,0.384,0.146,0.174,0.216,RARELY,Iowa
19083,0.074,0.075,0.195,0.214,0.441,ALWAYS,Iowa
19085,0.118,0.044,0.094,0.178,0.565,ALWAYS,Iowa
19087,0.123,0.142,0.091,0.183,0.461,ALWAYS,Iowa
19089,0.077,0.151,0.176,0.183,0.413,ALWAYS,Iowa
19091,0.243,0.268,0.147,0.102,0.24,RARELY,Iowa
19093,0.153,0.094,0.246,0.128,0.38,ALWAYS,Iowa
19095,0.027,0.149,0.135,0.239,0.45,ALWAYS,Iowa
19097,0.032,0.096,0.229,0.232,0.411,ALWAYS,Iowa
19099,0.102,0.105,0.233,0.212,0.347,ALWAYS,Iowa
19101,0.074,0.116,0.221,0.191,0.398,ALWAYS,Iowa
19103,0.014,0.044,0.069,0.2,0.673,ALWAYS,Iowa
19105,0.04,0.105,0.165,0.336,0.355,ALWAYS,Iowa
19107,0.035,0.126,0.287,0.28,0.272,SOMETIMES,Iowa
19109,0.135,0.318,0.101,0.173,0.272,RARELY,Iowa
19111,0.17,0.146,0.131,0.161,0.392,ALWAYS,Iowa
19113,0.039,0.081,0.115,0.201,0.563,ALWAYS,Iowa
19115,0.097,0.058,0.15,0.214,0.482,ALWAYS,Iowa
19117,0.032,0.204,0.196,0.185,0.384,ALWAYS,Iowa
19119,0.078,0.173,0.157,0.247,0.344,ALWAYS,Iowa
19121,0.01,0.102,0.136,0.268,0.484,ALWAYS,Iowa
19123,0.069,0.067,0.294,0.283,0.287,SOMETIMES,Iowa
19125,0.053,0.049,0.209,0.26,0.429,ALWAYS,Iowa
19127,0.077,0.064,0.153,0.226,0.48,ALWAYS,Iowa
19129,0.064,0.084,0.091,0.281,0.481,ALWAYS,Iowa
19131,0.046,0.282,0.149,0.26,0.263,RARELY,Iowa
19133,0.078,0.069,0.087,0.127,0.64,ALWAYS,Iowa
19135,0.034,0.078,0.256,0.247,0.385,ALWAYS,Iowa
19137,0.218,0.034,0.084,0.378,0.286,FREQUENTLY,Iowa
19139,0.12,0.022,0.221,0.273,0.364,ALWAYS,Iowa
19141,0.173,0.054,0.267,0.187,0.319,ALWAYS,Iowa
19143,0.195,0.051,0.233,0.199,0.322,ALWAYS,Iowa
19145,0.088,0.053,0.068,0.31,0.481,ALWAYS,Iowa
19147,0.199,0.116,0.088,0.179,0.419,ALWAYS,Iowa
19149,0.125,0.145,0.166,0.162,0.402,ALWAYS,Iowa
19151,0.214,0.124,0.162,0.165,0.335,ALWAYS,Iowa
19153,0.044,0.089,0.136,0.259,0.473,ALWAYS,Iowa
19155,0.115,0.083,0.147,0.264,0.39,ALWAYS,Iowa
19157,0.121,0.145,0.187,0.164,0.383,ALWAYS,Iowa
19159,0.144,0.138,0.281,0.162,0.275,SOMETIMES,Iowa
19161,0.18,0.071,0.286,0.159,0.303,ALWAYS,Iowa
19163,0.075,0.027,0.126,0.277,0.494,ALWAYS,Iowa
19165,0.099,0.059,0.182,0.145,0.516,ALWAYS,Iowa
19167,0.12,0.06,0.285,0.2,0.335,ALWAYS,Iowa
19169,0.045,0.075,0.071,0.235,0.574,ALWAYS,Iowa
19171,0.066,0.053,0.209,0.181,0.491,ALWAYS,Iowa
19173,0.09,0.151,0.185,0.282,0.292,ALWAYS,Iowa
19175,0.03,0.125,0.172,0.21,0.462,ALWAYS,Iowa
19177,0.107,0.128,0.175,0.218,0.372,ALWAYS,Iowa
19179,0.034,0.082,0.293,0.221,0.37,ALWAYS,Iowa
19181,0.055,0.182,0.181,0.245,0.337,ALWAYS,Iowa
19183,0.035,0.102,0.123,0.151,0.589,ALWAYS,Iowa
19185,0.138,0.148,0.252,0.12,0.342,ALWAYS,Iowa
19187,0.209,0.167,0.161,0.101,0.362,ALWAYS,Iowa
19189,0.07,0.329,0.176,0.197,0.228,RARELY,Iowa
19191,0.122,0.044,0.151,0.177,0.505,ALWAYS,Iowa
19193,0.113,0.165,0.137,0.16,0.425,ALWAYS,Iowa
19195,0.072,0.271,0.175,0.231,0.251,RARELY,Iowa
19197,0.172,0.299,0.173,0.125,0.232,RARELY,Iowa
20001,0.153,0.212,0.126,0.167,0.341,ALWAYS,Kansas
20003,0.189,0.063,0.137,0.267,0.344,ALWAYS,Kansas
20005,0.137,0.122,0.169,0.256,0.316,ALWAYS,Kansas
20007,0.069,0.147,0.118,0.329,0.336,ALWAYS,Kansas
20009,0.107,0.131,0.12,0.211,0.43,ALWAYS,Kansas
20011,0.167,0.146,0.077,0.12,0.49,ALWAYS,Kansas
20013,0.089,0.149,0.183,0.197,0.382,ALWAYS,Kansas
20015,0.053,0.133,0.122,0.222,0.47,ALWAYS,Kansas
20017,0.151,0.082,0.212,0.225,0.331,ALWAYS,Kansas
20019,0.128,0.137,0.185,0.214,0.337,ALWAYS,Kansas
20021,0.131,0.121,0.164,0.174,0.41,ALWAYS,Kansas
20023,0.065,0.27,0.174,0.235,0.256,RARELY,Kansas
20025,0.163,0.13,0.126,0.232,0.348,ALWAYS,Kansas
20027,0.081,0.069,0.115,0.229,0.507,ALWAYS,Kansas
20029,0.154,0.077,0.118,0.217,0.434,ALWAYS,Kansas
20031,0.085,0.119,0.165,0.404,0.227,FREQUENTLY,Kansas
20033,0.112,0.144,0.128,0.271,0.346,ALWAYS,Kansas
20035,0.075,0.093,0.28,0.131,0.421,ALWAYS,Kansas
20037,0.108,0.143,0.118,0.139,0.492,ALWAYS,Kansas
20039,0.163,0.118,0.211,0.235,0.273,ALWAYS,Kansas
20041,0.106,0.118,0.148,0.243,0.385,ALWAYS,Kansas
20043,0.137,0.193,0.184,0.214,0.272,ALWAYS,Kansas
20045,0.006,0.009,0.024,0.227,0.734,ALWAYS,Kansas
20047,0.052,0.086,0.135,0.221,0.506,ALWAYS,Kansas
20049,0.061,0.05,0.295,0.282,0.312,ALWAYS,Kansas
20051,0.154,0.154,0.224,0.148,0.32,ALWAYS,Kansas
20053,0.174,0.133,0.133,0.187,0.373,ALWAYS,Kansas
20055,0.166,0.089,0.163,0.239,0.343,ALWAYS,Kansas
20057,0.143,0.084,0.143,0.232,0.399,ALWAYS,Kansas
20059,0.063,0.06,0.159,0.354,0.364,ALWAYS,Kansas
20061,0.05,0.068,0.113,0.27,0.499,ALWAYS,Kansas
20063,0.24,0.089,0.234,0.151,0.287,ALWAYS,Kansas
20065,0.218,0.156,0.247,0.129,0.25,ALWAYS,Kansas
20067,0.14,0.108,0.15,0.231,0.37,ALWAYS,Kansas
20069,0.158,0.092,0.146,0.24,0.364,ALWAYS,Kansas
20071,0.135,0.131,0.181,0.229,0.323,ALWAYS,Kansas
20073,0.034,0.079,0.256,0.302,0.33,ALWAYS,Kansas
20075,0.131,0.095,0.189,0.217,0.368,ALWAYS,Kansas
20077,0.079,0.118,0.21,0.193,0.4,ALWAYS,Kansas
20079,0.075,0.058,0.121,0.323,0.423,ALWAYS,Kansas
20081,0.153,0.107,0.137,0.239,0.364,ALWAYS,Kansas
20083,0.126,0.075,0.163,0.225,0.412,ALWAYS,Kansas
20085,0.01,0.116,0.161,0.136,0.577,ALWAYS,Kansas
20087,0.026,0.069,0.09,0.182,0.634,ALWAYS,Kansas
20089,0.171,0.142,0.087,0.259,0.34,ALWAYS,Kansas
20091,0.029,0.019,0.075,0.224,0.654,ALWAYS,Kansas
20093,0.155,0.098,0.172,0.229,0.346,ALWAYS,Kansas
20095,0.081,0.212,0.114,0.128,0.464,ALWAYS,Kansas
20097,0.062,0.107,0.128,0.233,0.469,ALWAYS,Kansas
20099,0.168,0.123,0.091,0.147,0.471,ALWAYS,Kansas
20101,0.197,0.075,0.197,0.204,0.326,ALWAYS,Kansas
20103,0.087,0.135,0.092,0.142,0.544,ALWAYS,Kansas
20105,0.171,0.132,0.16,0.163,0.375,ALWAYS,Kansas
20107,0.14,0.053,0.121,0.285,0.4,ALWAYS,Kansas
20109,0.206,0.131,0.194,0.189,0.28,ALWAYS,Kansas
20111,0.113,0.111,0.133,0.3,0.344,ALWAYS,Kansas
20113,0.12,0.065,0.106,0.313,0.396,ALWAYS,Kansas
20115,0.101,0.068,0.209,0.279,0.343,ALWAYS,Kansas
20117,0.048,0.049,0.233,0.263,0.407,ALWAYS,Kansas
20119,0.164,0.123,0.115,0.235,0.362,ALWAYS,Kansas
20121,0.071,0.044,0.095,0.25,0.54,ALWAYS,Kansas
20123,0.173,0.116,0.144,0.18,0.388,ALWAYS,Kansas
20125,0.164,0.132,0.102,0.195,0.407,ALWAYS,Kansas
20127,0.11,0.094,0.148,0.244,0.404,ALWAYS,Kansas
20129,0.12,0.113,0.144,0.218,0.405,ALWAYS,Kansas
20131,0.035,0.094,0.203,0.236,0.432,ALWAYS,Kansas
20133,0.133,0.204,0.12,0.127,0.416,ALWAYS,Kansas
20135,0.15,0.083,0.199,0.198,0.371,ALWAYS,Kansas
20137,0.161,0.163,0.177,0.225,0.275,ALWAYS,Kansas
20139,0.018,0.09,0.088,0.24,0.564,ALWAYS,Kansas
20141,0.174,0.233,0.163,0.136,0.293,ALWAYS,Kansas
20143,0.131,0.117,0.164,0.191,0.396,ALWAYS,Kansas
20145,0.053,0.096,0.137,0.217,0.497,ALWAYS,Kansas
20147,0.15,0.244,0.126,0.19,0.29,ALWAYS,Kansas
20149,0.012,0.057,0.145,0.236,0.55,ALWAYS,Kansas
20151,0.02,0.183,0.101,0.309,0.387,ALWAYS,Kansas
20153,0.128,0.174,0.209,0.22,0.268,ALWAYS,Kansas
20155,0.135,0.077,0.143,0.191,0.454,ALWAYS,Kansas
20157,0.183,0.073,0.076,0.295,0.373,ALWAYS,Kansas
20159,0.153,0.086,0.11,0.241,0.41,ALWAYS,Kansas
20161,0.03,0.05,0.124,0.261,0.535,ALWAYS,Kansas
20163,0.179,0.22,0.218,0.123,0.26,ALWAYS,Kansas
20165,0.11,0.122,0.182,0.183,0.403,ALWAYS,Kansas
20167,0.16,0.174,0.174,0.157,0.335,ALWAYS,Kansas
20169,0.126,0.133,0.175,0.209,0.357,ALWAYS,Kansas
20171,0.197,0.09,0.19,0.21,0.313,ALWAYS,Kansas
20173,0.06,0.055,0.126,0.26,0.499,ALWAYS,Kansas
20175,0.138,0.14,0.092,0.226,0.403,ALWAYS,Kansas
20177,0.009,0.078,0.095,0.184,0.633,ALWAYS,Kansas
20179,0.231,0.112,0.236,0.154,0.267,ALWAYS,Kansas
20181,0.1,0.27,0.159,0.24,0.231,RARELY,Kansas
20183,0.142,0.257,0.088,0.195,0.319,ALWAYS,Kansas
20185,0.041,0.125,0.109,0.252,0.472,ALWAYS,Kansas
20187,0.127,0.098,0.172,0.216,0.388,ALWAYS,Kansas
20189,0.122,0.132,0.112,0.225,0.408,ALWAYS,Kansas
20191,0.104,0.039,0.115,0.298,0.444,ALWAYS,Kansas
20193,0.188,0.157,0.208,0.184,0.263,ALWAYS,Kansas
20195,0.203,0.115,0.256,0.137,0.291,ALWAYS,Kansas
20197,0.011,0.077,0.12,0.201,0.591,ALWAYS,Kansas
20199,0.128,0.21,0.154,0.246,0.262,ALWAYS,Kansas
20201,0.148,0.075,0.111,0.234,0.432,ALWAYS,Kansas
20203,0.173,0.112,0.184,0.219,0.313,ALWAYS,Kansas
20205,0.125,0.148,0.145,0.184,0.398,ALWAYS,Kansas
20207,0.092,0.175,0.171,0.247,0.314,ALWAYS,Kansas
20209,0.025,0.056,0.076,0.178,0.665,ALWAYS,Kansas
27001,0.187,0.115,0.075,0.247,0.375,ALWAYS,Minnesota
27003,0.054,0.078,0.132,0.245,0.492,ALWAYS,Minnesota
27005,0.052,0.28,0.175,0.24,0.252,RARELY,Minnesota
27007,0.094,0.155,0.225,0.185,0.34,ALWAYS,Minnesota
27009,0.084,0.139,0.209,0.147,0.42,ALWAYS,Minnesota
27011,0.256,0.121,0.185,0.146,0.292,ALWAYS,Minnesota
27013,0.065,0.078,0.146,0.276,0.435,ALWAYS,Minnesota
27015,0.101,0.061,0.251,0.265,0.322,ALWAYS,Minnesota
27017,0.058,0.054,0.09,0.329,0.469,ALWAYS,Minnesota
27019,0.024,0.128,0.183,0.296,0.368,ALWAYS,Minnesota
27021,0.105,0.127,0.107,0.235,0.426,ALWAYS,Minnesota
27023,0.108,0.106,0.244,0.224,0.318,ALWAYS,Minnesota
27025,0.064,0.104,0.165,0.253,0.414,ALWAYS,Minnesota
27027,0.092,0.121,0.138,0.23,0.419,ALWAYS,Minnesota
27029,0.065,0.21,0.203,0.172,0.351,ALWAYS,Minnesota
27031,0.184,0.02,0.038,0.257,0.5,ALWAYS,Minnesota
27033,0.216,0.045,0.262,0.215,0.263,ALWAYS,Minnesota
27035,0.147,0.112,0.081,0.249,0.411,ALWAYS,Minnesota
27037,0.072,0.076,0.129,0.236,0.488,ALWAYS,Minnesota
27039,0.035,0.096,0.071,0.325,0.473,ALWAYS,Minnesota
27041,0.099,0.178,0.148,0.225,0.35,ALWAYS,Minnesota
27043,0.078,0.158,0.163,0.261,0.34,ALWAYS,Minnesota
27045,0.026,0.102,0.099,0.29,0.483,ALWAYS,Minnesota
27047,0.135,0.085,0.206,0.283,0.291,ALWAYS,Minnesota
27049,0.03,0.039,0.138,0.28,0.513,ALWAYS,Minnesota
27051,0.11,0.137,0.193,0.165,0.396,ALWAYS,Minnesota
27053,0.021,0.044,0.096,0.243,0.596,ALWAYS,Minnesota
27055,0.072,0.08,0.086,0.283,0.478,ALWAYS,Minnesota
27057,0.078,0.15,0.164,0.227,0.38,ALWAYS,Minnesota
27059,0.104,0.099,0.215,0.14,0.442,ALWAYS,Minnesota
27061,0.162,0.142,0.151,0.209,0.336,ALWAYS,Minnesota
27063,0.325,0.024,0.14,0.171,0.34,ALWAYS,Minnesota
27065,0.223,0.148,0.137,0.146,0.346,ALWAYS,Minnesota
27067,0.109,0.107,0.182,0.29,0.312,ALWAYS,Minnesota
27069,0.068,0.168,0.221,0.251,0.292,ALWAYS,Minnesota
27071,0.159,0.183,0.087,0.255,0.316,ALWAYS,Minnesota
27073,0.184,0.096,0.248,0.179,0.293,ALWAYS,Minnesota
27075,0.087,0.033,0.075,0.341,0.464,ALWAYS,Minnesota
27077,0.091,0.171,0.176,0.249,0.313,ALWAYS,Minnesota
27079,0.055,0.168,0.147,0.254,0.377,ALWAYS,Minnesota
27081,0.11,0.078,0.203,0.292,0.317,ALWAYS,Minnesota
27083,0.134,0.075,0.242,0.21,0.339,ALWAYS,Minnesota
27085,0.061,0.176,0.193,0.383,0.186,FREQUENTLY,Minnesota
27087,0.07,0.279,0.083,0.185,0.382,ALWAYS,Minnesota
27089,0.078,0.152,0.221,0.234,0.315,ALWAYS,Minnesota
27091,0.18,0.115,0.134,0.205,0.366,ALWAYS,Minnesota
27093,0.072,0.144,0.094,0.323,0.367,ALWAYS,Minnesota
27095,0.224,0.122,0.159,0.146,0.349,ALWAYS,Minnesota
27097,0.14,0.126,0.121,0.24,0.373,ALWAYS,Minnesota
27099,0.071,0.107,0.113,0.262,0.448,ALWAYS,Minnesota
27101,0.131,0.071,0.224,0.27,0.303,ALWAYS,Minnesota
27103,0.063,0.085,0.164,0.296,0.392,ALWAYS,Minnesota
27105,0.244,0.078,0.18,0.215,0.284,ALWAYS,Minnesota
27107,0.122,0.154,0.109,0.186,0.428,ALWAYS,Minnesota
27109,0.023,0.101,0.057,0.333,0.485,ALWAYS,Minnesota
27111,0.078,0.182,0.278,0.17,0.291,ALWAYS,Minnesota
27113,0.081,0.197,0.211,0.205,0.306,ALWAYS,Minnesota
27115,0.178,0.143,0.074,0.242,0.364,ALWAYS,Minnesota
27117,0.088,0.182,0.132,0.281,0.317,ALWAYS,Minnesota
27119,0.104,0.208,0.197,0.196,0.295,ALWAYS,Minnesota
27121,0.139,0.147,0.103,0.216,0.395,ALWAYS,Minnesota
27123,0.044,0.046,0.086,0.259,0.564,ALWAYS,Minnesota
27125,0.095,0.241,0.194,0.184,0.286,ALWAYS,Minnesota
27127,0.081,0.123,0.248,0.255,0.293,ALWAYS,Minnesota
27129,0.05,0.136,0.193,0.374,0.247,FREQUENTLY,Minnesota
27131,0.089,0.038,0.117,0.301,0.454,ALWAYS,Minnesota
27133,0.095,0.22,0.11,0.247,0.328,ALWAYS,Minnesota
27135,0.077,0.151,0.211,0.234,0.327,ALWAYS,Minnesota
27137,0.095,0.052,0.098,0.297,0.457,ALWAYS,Minnesota
27139,0.021,0.057,0.12,0.319,0.482,ALWAYS,Minnesota
27141,0.064,0.175,0.175,0.239,0.346,ALWAYS,Minnesota
27143,0.04,0.175,0.172,0.38,0.233,FREQUENTLY,Minnesota
27145,0.082,0.142,0.187,0.174,0.415,ALWAYS,Minnesota
27147,0.074,0.062,0.144,0.354,0.365,ALWAYS,Minnesota
27149,0.169,0.126,0.117,0.192,0.397,ALWAYS,Minnesota
27151,0.17,0.113,0.152,0.212,0.353,ALWAYS,Minnesota
27153,0.097,0.198,0.146,0.196,0.363,ALWAYS,Minnesota
27155,0.196,0.139,0.16,0.11,0.395,ALWAYS,Minnesota
27157,0.041,0.085,0.129,0.318,0.427,ALWAYS,Minnesota
27159,0.061,0.211,0.157,0.203,0.367,ALWAYS,Minnesota
27161,0.074,0.048,0.117,0.332,0.429,ALWAYS,Minnesota
27163,0.044,0.088,0.103,0.262,0.503,ALWAYS,Minnesota
27165,0.149,0.053,0.225,0.221,0.352,ALWAYS,Minnesota
27167,0.166,0.148,0.239,0.096,0.352,ALWAYS,Minnesota
27169,0.029,0.151,0.057,0.328,0.435,ALWAYS,Minnesota
27171,0.083,0.109,0.162,0.259,0.387,ALWAYS,Minnesota
27173,0.122,0.096,0.254,0.202,0.326,ALWAYS,Minnesota
29001,0.067,0.098,0.187,0.253,0.395,ALWAYS,Missouri
29003,0.133,0.197,0.164,0.234,0.272,ALWAYS,Missouri
29005,0.09,0.144,0.097,0.287,0.382,ALWAYS,Missouri
29007,0.11,0.078,0.203,0.281,0.327,ALWAYS,Missouri
29009,0.106,0.06,0.256,0.235,0.343,ALWAYS,Missouri
29011,0.15,0.131,0.134,0.111,0.474,ALWAYS,Missouri
29013,0.138,0.068,0.112,0.237,0.444,ALWAYS,Missouri
29015,0.188,0.122,0.168,0.277,0.245,FREQUENTLY,Missouri
29017,0.097,0.152,0.132,0.268,0.35,ALWAYS,Missouri
29019,0.073,0.075,0.113,0.224,0.515,ALWAYS,Missouri
29021,0.121,0.183,0.175,0.219,0.302,ALWAYS,Missouri
29023,0.189,0.175,0.16,0.135,0.342,ALWAYS,Missouri
29025,0.109,0.133,0.211,0.18,0.367,ALWAYS,Missouri
29027,0.123,0.12,0.217,0.196,0.344,ALWAYS,Missouri
29029,0.266,0.093,0.147,0.124,0.371,ALWAYS,Missouri
29031,0.08,0.109,0.137,0.285,0.389,ALWAYS,Missouri
29033,0.155,0.13,0.078,0.286,0.351,ALWAYS,Missouri
29035,0.159,0.285,0.151,0.125,0.281,RARELY,Missouri
29037,0.027,0.082,0.17,0.185,0.535,ALWAYS,Missouri
29039,0.275,0.056,0.173,0.155,0.341,ALWAYS,Missouri
29041,0.117,0.141,0.084,0.278,0.38,ALWAYS,Missouri
29043,0.13,0.113,0.053,0.253,0.451,ALWAYS,Missouri
29045,0.154,0.138,0.165,0.223,0.32,ALWAYS,Missouri
29047,0.033,0.037,0.076,0.199,0.655,ALWAYS,Missouri
29049,0.066,0.103,0.106,0.209,0.517,ALWAYS,Missouri
29051,0.087,0.185,0.107,0.187,0.434,ALWAYS,Missouri
29053,0.06,0.09,0.127,0.183,0.54,ALWAYS,Missouri
29055,0.167,0.148,0.136,0.159,0.391,ALWAYS,Missouri
29057,0.312,0.044,0.138,0.136,0.369,ALWAYS,Missouri
29059,0.165,0.143,0.167,0.154,0.371,ALWAYS,Missouri
29061,0.124,0.166,0.172,0.247,0.291,ALWAYS,Missouri
29063,0.144,0.133,0.159,0.241,0.323,ALWAYS,Missouri
29065,0.167,0.169,0.175,0.196,0.293,ALWAYS,Missouri
29067,0.285,0.149,0.07,0.167,0.328,ALWAYS,Missouri
29069,0.068,0.085,0.154,0.215,0.478,ALWAYS,Missouri
29071,0.122,0.086,0.1,0.233,0.458,ALWAYS,Missouri
29073,0.086,0.207,0.168,0.135,0.404,ALWAYS,Missouri
29075,0.101,0.166,0.182,0.299,0.251,FREQUENTLY,Missouri
29077,0.099,0.082,0.128,0.272,0.418,ALWAYS,Missouri
29079,0.195,0.193,0.129,0.247,0.236,FREQUENTLY,Missouri
29081,0.173,0.128,0.215,0.248,0.236,FREQUENTLY,Missouri
29083,0.128,0.147,0.117,0.345,0.262,FREQUENTLY,Missouri
29085,0.182,0.18,0.159,0.164,0.316,ALWAYS,Missouri
29087,0.129,0.223,0.156,0.232,0.26,ALWAYS,Missouri
29089,0.076,0.096,0.107,0.191,0.531,ALWAYS,Missouri
29091,0.301,0.142,0.208,0.107,0.242,NEVER,Missouri
29093,0.133,0.091,0.072,0.28,0.423,ALWAYS,Missouri
29095,0.027,0.066,0.088,0.21,0.609,ALWAYS,Missouri
29097,0.138,0.152,0.147,0.176,0.388,ALWAYS,Missouri
29099,0.042,0.117,0.178,0.216,0.447,ALWAYS,Missouri
29101,0.168,0.107,0.026,0.189,0.511,ALWAYS,Missouri
29103,0.082,0.112,0.182,0.271,0.353,ALWAYS,Missouri
29105,0.313,0.121,0.172,0.107,0.287,NEVER,Missouri
29107,0.033,0.098,0.052,0.247,0.571,ALWAYS,Missouri
29109,0.241,0.05,0.251,0.222,0.237,SOMETIMES,Missouri
29111,0.164,0.109,0.177,0.23,0.32,ALWAYS,Missouri
29113,0.063,0.119,0.236,0.282,0.299,ALWAYS,Missouri
29115,0.126,0.156,0.118,0.274,0.326,ALWAYS,Missouri
29117,0.15,0.228,0.111,0.25,0.26,ALWAYS,Missouri
29119,0.152,0.145,0.089,0.138,0.476,ALWAYS,Missouri
29121,0.118,0.127,0.158,0.258,0.338,ALWAYS,Missouri
29123,0.082,0.124,0.092,0.296,0.406,ALWAYS,Missouri
29125,0.098,0.158,0.121,0.198,0.424,ALWAYS,Missouri
29127,0.178,0.093,0.212,0.185,0.332,ALWAYS,Missouri
29129,0.23,0.13,0.216,0.162,0.261,ALWAYS,Missouri
29131,0.2,0.126,0.137,0.147,0.39,ALWAYS,Missouri
29133,0.129,0.097,0.141,0.221,0.413,ALWAYS,Missouri
29135,0.102,0.268,0.11,0.202,0.318,ALWAYS,Missouri
29137,0.164,0.105,0.182,0.203,0.346,ALWAYS,Missouri
29139,0.062,0.077,0.161,0.307,0.392,ALWAYS,Missouri
29141,0.211,0.118,0.175,0.193,0.304,ALWAYS,Missouri
29143,0.098,0.112,0.149,0.18,0.461,ALWAYS,Missouri
29145,0.156,0.121,0.14,0.211,0.373,ALWAYS,Missouri
29147,0.093,0.193,0.16,0.283,0.272,FREQUENTLY,Missouri
29149,0.142,0.196,0.293,0.129,0.241,SOMETIMES,Missouri
29151,0.067,0.133,0.171,0.16,0.469,ALWAYS,Missouri
29153,0.179,0.128,0.128,0.13,0.435,ALWAYS,Missouri
29155,0.079,0.134,0.175,0.204,0.407,ALWAYS,Missouri
29157,0.032,0.102,0.156,0.302,0.408,ALWAYS,Missouri
29159,0.185,0.111,0.156,0.254,0.294,ALWAYS,Missouri
29161,0.139,0.177,0.119,0.244,0.32,ALWAYS,Missouri
29163,0.082,0.128,0.363,0.263,0.164,SOMETIMES,Missouri
29165,0.044,0.04,0.088,0.189,0.638,ALWAYS,Missouri
29167,0.183,0.109,0.103,0.189,0.416,ALWAYS,Missouri
29169,0.208,0.103,0.16,0.175,0.354,ALWAYS,Missouri
29171,0.107,0.111,0.209,0.191,0.382,ALWAYS,Missouri
29173,0.16,0.106,0.248,0.196,0.29,ALWAYS,Missouri
29175,0.163,0.088,0.145,0.194,0.41,ALWAYS,Missouri
29177,0.073,0.124,0.233,0.184,0.386,ALWAYS,Missouri
29179,0.137,0.183,0.085,0.229,0.366,ALWAYS,Missouri
29181,0.126,0.254,0.161,0.15,0.308,ALWAYS,Missouri
29183,0.041,0.05,0.091,0.286,0.532,ALWAYS,Missouri
29185,0.163,0.145,0.182,0.279,0.23,FREQUENTLY,Missouri
29186,0.025,0.14,0.144,0.311,0.38,ALWAYS,Missouri
29187,0.103,0.12,0.085,0.264,0.428,ALWAYS,Missouri
29189,0.024,0.028,0.069,0.182,0.697,ALWAYS,Missouri
29195,0.083,0.23,0.112,0.186,0.389,ALWAYS,Missouri
29197,0.05,0.101,0.211,0.222,0.416,ALWAYS,Missouri
29199,0.073,0.112,0.209,0.246,0.361,ALWAYS,Missouri
29201,0.125,0.115,0.128,0.247,0.385,ALWAYS,Missouri
29203,0.212,0.25,0.198,0.098,0.243,RARELY,Missouri
29205,0.142,0.144,0.16,0.238,0.317,ALWAYS,Missouri
29207,0.137,0.12,0.156,0.176,0.411,ALWAYS,Missouri
29209,0.056,0.093,0.171,0.247,0.434,ALWAYS,Missouri
29211,0.136,0.127,0.174,0.223,0.341,ALWAYS,Missouri
29213,0.053,0.079,0.214,0.155,0.499,ALWAYS,Missouri
29215,0.309,0.171,0.231,0.106,0.183,NEVER,Missouri
29217,0.164,0.105,0.11,0.125,0.496,ALWAYS,Missouri
29219,0.11,0.083,0.111,0.25,0.446,ALWAYS,Missouri
29221,0.181,0.092,0.118,0.191,0.418,ALWAYS,Missouri
29223,0.191,0.171,0.13,0.196,0.313,ALWAYS,Missouri
29225,0.297,0.09,0.162,0.137,0.313,ALWAYS,Missouri
29227,0.098,0.17,0.218,0.272,0.241,FREQUENTLY,Missouri
29229,0.419,0.139,0.187,0.1,0.155,NEVER,Missouri
29510,0.039,0.017,0.08,0.137,0.726,ALWAYS,Missouri
30001,0.165,0.127,0.102,0.18,0.425,ALWAYS,Montana
30003,0.136,0.196,0.147,0.25,0.271,ALWAYS,Montana
30005,0.287,0.08,0.188,0.252,0.192,NEVER,Montana
30007,0.165,0.098,0.099,0.199,0.439,ALWAYS,Montana
30009,0.14,0.169,0.163,0.26,0.267,ALWAYS,Montana
30011,0.123,0.121,0.127,0.212,0.417,ALWAYS,Montana
30013,0.17,0.143,0.16,0.145,0.382,ALWAYS,Montana
30015,0.196,0.135,0.171,0.152,0.346,ALWAYS,Montana
30017,0.085,0.261,0.144,0.28,0.23,FREQUENTLY,Montana
30019,0.172,0.244,0.186,0.269,0.129,FREQUENTLY,Montana
30021,0.139,0.249,0.176,0.274,0.161,FREQUENTLY,Montana
30023,0.141,0.173,0.064,0.133,0.489,ALWAYS,Montana
30025,0.118,0.199,0.146,0.296,0.24,FREQUENTLY,Montana
30027,0.284,0.111,0.157,0.187,0.261,NEVER,Montana
30029,0.076,0.167,0.159,0.224,0.374,ALWAYS,Montana
30031,0.132,0.093,0.115,0.213,0.448,ALWAYS,Montana
30033,0.134,0.199,0.18,0.265,0.221,FREQUENTLY,Montana
30035,0.084,0.154,0.17,0.196,0.396,ALWAYS,Montana
30037,0.134,0.181,0.168,0.246,0.271,ALWAYS,Montana
30039,0.116,0.17,0.109,0.183,0.422,ALWAYS,Montana
30041,0.27,0.106,0.159,0.192,0.273,ALWAYS,Montana
30043,0.158,0.111,0.076,0.169,0.487,ALWAYS,Montana
30045,0.233,0.11,0.17,0.139,0.349,ALWAYS,Montana
30047,0.087,0.23,0.128,0.206,0.349,ALWAYS,Montana
30049,0.149,0.107,0.08,0.185,0.479,ALWAYS,Montana
30051,0.188,0.146,0.167,0.147,0.352,ALWAYS,Montana
30053,0.118,0.174,0.118,0.188,0.402,ALWAYS,Montana
30055,0.142,0.274,0.179,0.267,0.139,RARELY,Montana
30057,0.172,0.113,0.105,0.21,0.4,ALWAYS,Montana
30059,0.188,0.093,0.12,0.203,0.396,ALWAYS,Montana
30061,0.097,0.278,0.119,0.183,0.323,ALWAYS,Montana
30063,0.091,0.2,0.128,0.209,0.372,ALWAYS,Montana
30065,0.128,0.178,0.169,0.257,0.268,ALWAYS,Montana
30067,0.114,0.099,0.106,0.214,0.467,ALWAYS,Montana
30069,0.157,0.154,0.174,0.247,0.269,ALWAYS,Montana
30071,0.229,0.114,0.214,0.296,0.147,FREQUENTLY,Montana
30073,0.123,0.175,0.17,0.142,0.39,ALWAYS,Montana
30075,0.193,0.24,0.106,0.188,0.273,ALWAYS,Montana
30077,0.118,0.144,0.069,0.14,0.53,ALWAYS,Montana
30079,0.101,0.27,0.171,0.283,0.176,FREQUENTLY,Montana
30081,0.121,0.177,0.114,0.195,0.393,ALWAYS,Montana
30083,0.176,0.216,0.162,0.255,0.191,FREQUENTLY,Montana
30085,0.169,0.246,0.178,0.261,0.146,FREQUENTLY,Montana
30087,0.126,0.214,0.143,0.248,0.269,ALWAYS,Montana
30089,0.15,0.204,0.191,0.172,0.283,ALWAYS,Montana
30091,0.179,0.203,0.178,0.256,0.185,FREQUENTLY,Montana
30093,0.158,0.138,0.059,0.143,0.503,ALWAYS,Montana
30095,0.126,0.173,0.16,0.255,0.286,ALWAYS,Montana
30097,0.116,0.157,0.126,0.227,0.374,ALWAYS,Montana
30099,0.134,0.176,0.147,0.152,0.391,ALWAYS,Montana
30101,0.138,0.165,0.178,0.135,0.384,ALWAYS,Montana
30103,0.122,0.188,0.16,0.259,0.27,ALWAYS,Montana
30105,0.172,0.235,0.187,0.291,0.115,FREQUENTLY,Montana
30107,0.214,0.135,0.144,0.189,0.318,ALWAYS,Montana
30109,0.165,0.219,0.161,0.267,0.187,FREQUENTLY,Montana
30111,0.129,0.177,0.167,0.262,0.265,ALWAYS,Montana
31001,0.057,0.128,0.089,0.291,0.435,ALWAYS,Nebraska
31003,0.198,0.096,0.191,0.161,0.354,ALWAYS,Nebraska
31005,0.144,0.135,0.117,0.248,0.356,ALWAYS,Nebraska
31007,0.249,0.128,0.134,0.216,0.272,ALWAYS,Nebraska
31009,0.176,0.103,0.123,0.305,0.293,FREQUENTLY,Nebraska
31011,0.156,0.08,0.151,0.197,0.415,ALWAYS,Nebraska
31013,0.303,0.112,0.096,0.285,0.203,NEVER,Nebraska
31015,0.081,0.159,0.267,0.184,0.309,ALWAYS,Nebraska
31017,0.141,0.082,0.167,0.275,0.335,ALWAYS,Nebraska
31019,0.065,0.113,0.104,0.327,0.391,ALWAYS,Nebraska
31021,0.066,0.063,0.09,0.321,0.46,ALWAYS,Nebraska
31023,0.027,0.105,0.263,0.238,0.365,ALWAYS,Nebraska
31025,0.042,0.049,0.119,0.24,0.55,ALWAYS,Nebraska
31027,0.207,0.163,0.161,0.177,0.293,ALWAYS,Nebraska
31029,0.055,0.192,0.156,0.232,0.364,ALWAYS,Nebraska
31031,0.158,0.042,0.095,0.377,0.328,FREQUENTLY,Nebraska
31033,0.116,0.159,0.164,0.338,0.223,FREQUENTLY,Nebraska
31035,0.064,0.132,0.124,0.28,0.4,ALWAYS,Nebraska
31037,0.054,0.089,0.228,0.287,0.341,ALWAYS,Nebraska
31039,0.147,0.066,0.122,0.347,0.317,FREQUENTLY,Nebraska
31041,0.143,0.104,0.112,0.328,0.314,FREQUENTLY,Nebraska
31043,0.113,0.167,0.131,0.163,0.425,ALWAYS,Nebraska
31045,0.224,0.103,0.11,0.321,0.242,FREQUENTLY,Nebraska
31047,0.096,0.114,0.115,0.348,0.328,FREQUENTLY,Nebraska
31049,0.093,0.147,0.138,0.267,0.355,ALWAYS,Nebraska
31051,0.163,0.16,0.131,0.162,0.383,ALWAYS,Nebraska
31053,0.14,0.036,0.136,0.374,0.314,FREQUENTLY,Nebraska
31055,0.091,0.069,0.095,0.263,0.482,ALWAYS,Nebraska
31057,0.053,0.232,0.173,0.231,0.311,ALWAYS,Nebraska
31059,0.053,0.096,0.263,0.375,0.213,FREQUENTLY,Nebraska
31061,0.083,0.168,0.083,0.288,0.378,ALWAYS,Nebraska
31063,0.094,0.121,0.136,0.336,0.313,FREQUENTLY,Nebraska
31065,0.101,0.135,0.129,0.319,0.315,FREQUENTLY,Nebraska
31067,0.127,0.03,0.103,0.26,0.48,ALWAYS,Nebraska
31069,0.202,0.124,0.119,0.268,0.288,ALWAYS,Nebraska
31071,0.168,0.084,0.142,0.236,0.37,ALWAYS,Nebraska
31073,0.086,0.12,0.115,0.347,0.333,FREQUENTLY,Nebraska
31075,0.199,0.116,0.102,0.27,0.313,ALWAYS,Nebraska
31077,0.122,0.091,0.122,0.245,0.421,ALWAYS,Nebraska
31079,0.048,0.114,0.103,0.284,0.451,ALWAYS,Nebraska
31081,0.04,0.124,0.157,0.252,0.427,ALWAYS,Nebraska
31083,0.089,0.158,0.102,0.302,0.348,ALWAYS,Nebraska
31085,0.072,0.151,0.161,0.273,0.343,ALWAYS,Nebraska
31087,0.085,0.162,0.19,0.263,0.301,ALWAYS,Nebraska
31089,0.113,0.134,0.234,0.154,0.365,ALWAYS,Nebraska
31091,0.151,0.123,0.11,0.279,0.337,ALWAYS,Nebraska
31093,0.073,0.104,0.108,0.281,0.433,ALWAYS,Nebraska
31095,0.206,0.05,0.055,0.306,0.384,ALWAYS,Nebraska
31097,0.061,0.175,0.247,0.207,0.31,ALWAYS,Nebraska
31099,0.062,0.127,0.094,0.318,0.399,ALWAYS,Nebraska
31101,0.093,0.15,0.13,0.235,0.393,ALWAYS,Nebraska
31103,0.124,0.09,0.183,0.273,0.331,ALWAYS,Nebraska
31105,0.187,0.173,0.161,0.228,0.25,ALWAYS,Nebraska
31107,0.171,0.178,0.195,0.157,0.299,ALWAYS,Nebraska
31109,0.093,0.061,0.112,0.264,0.47,ALWAYS,Nebraska
31111,0.103,0.145,0.123,0.287,0.341,ALWAYS,Nebraska
31113,0.14,0.133,0.115,0.308,0.304,FREQUENTLY,Nebraska
31115,0.193,0.084,0.129,0.276,0.318,ALWAYS,Nebraska
31117,0.121,0.147,0.115,0.257,0.361,ALWAYS,Nebraska
31119,0.251,0.082,0.194,0.156,0.317,ALWAYS,Nebraska
31121,0.05,0.125,0.137,0.234,0.454,ALWAYS,Nebraska
31123,0.261,0.119,0.124,0.273,0.223,FREQUENTLY,Nebraska
31125,0.091,0.111,0.131,0.207,0.459,ALWAYS,Nebraska
31127,0.09,0.148,0.137,0.293,0.333,ALWAYS,Nebraska
31129,0.138,0.132,0.064,0.349,0.318,FREQUENTLY,Nebraska
31131,0.11,0.097,0.09,0.275,0.428,ALWAYS,Nebraska
31133,0.067,0.147,0.215,0.254,0.316,ALWAYS,Nebraska
31135,0.069,0.164,0.142,0.233,0.393,ALWAYS,Nebraska
31137,0.072,0.126,0.103,0.336,0.363,ALWAYS,Nebraska
31139,0.253,0.11,0.185,0.142,0.311,ALWAYS,Nebraska
31141,0.044,0.094,0.176,0.254,0.432,ALWAYS,Nebraska
31143,0.029,0.167,0.277,0.174,0.353,ALWAYS,Nebraska
31145,0.102,0.123,0.169,0.308,0.298,FREQUENTLY,Nebraska
31147,0.098,0.185,0.166,0.252,0.298,ALWAYS,Nebraska
31149,0.13,0.102,0.198,0.222,0.349,ALWAYS,Nebraska
31151,0.021,0.07,0.186,0.217,0.507,ALWAYS,Nebraska
31153,0.094,0.069,0.144,0.26,0.433,ALWAYS,Nebraska
31155,0.108,0.09,0.28,0.223,0.3,ALWAYS,Nebraska
31157,0.256,0.132,0.113,0.245,0.255,NEVER,Nebraska
31159,0.028,0.046,0.216,0.109,0.601,ALWAYS,Nebraska
31161,0.248,0.083,0.094,0.333,0.242,FREQUENTLY,Nebraska
31163,0.093,0.099,0.11,0.307,0.39,ALWAYS,Nebraska
31165,0.241,0.161,0.101,0.292,0.205,FREQUENTLY,Nebraska
31167,0.265,0.08,0.192,0.154,0.309,ALWAYS,Nebraska
31169,0.185,0.071,0.066,0.429,0.249,FREQUENTLY,Nebraska
31171,0.152,0.12,0.118,0.302,0.308,ALWAYS,Nebraska
31173,0.123,0.153,0.119,0.187,0.418,ALWAYS,Nebraska
31175,0.135,0.09,0.118,0.278,0.38,ALWAYS,Nebraska
31177,0.086,0.116,0.15,0.261,0.386,ALWAYS,Nebraska
31179,0.245,0.12,0.155,0.141,0.34,ALWAYS,Nebraska
31181,0.091,0.167,0.068,0.286,0.389,ALWAYS,Nebraska
31183,0.162,0.084,0.155,0.201,0.399,ALWAYS,Nebraska
31185,0.044,0.168,0.422,0.184,0.182,SOMETIMES,Nebraska
38001,0.219,0.166,0.189,0.233,0.193,FREQUENTLY,North Dakota
38003,0.111,0.079,0.137,0.248,0.425,ALWAYS,North Dakota
38005,0.289,0.194,0.118,0.195,0.204,NEVER,North Dakota
38007,0.2,0.201,0.137,0.244,0.218,FREQUENTLY,North Dakota
38009,0.206,0.119,0.142,0.259,0.274,ALWAYS,North Dakota
38011,0.188,0.141,0.146,0.262,0.263,ALWAYS,North Dakota
38013,0.191,0.147,0.151,0.258,0.253,FREQUENTLY,North Dakota
38015,0.172,0.233,0.091,0.297,0.207,FREQUENTLY,North Dakota
38017,0.09,0.113,0.142,0.233,0.423,ALWAYS,North Dakota
38019,0.146,0.272,0.165,0.222,0.195,RARELY,North Dakota
38021,0.151,0.077,0.227,0.277,0.267,FREQUENTLY,North Dakota
38023,0.186,0.168,0.163,0.255,0.227,FREQUENTLY,North Dakota
38025,0.195,0.189,0.125,0.252,0.239,FREQUENTLY,North Dakota
38027,0.269,0.159,0.117,0.209,0.246,NEVER,North Dakota
38029,0.16,0.221,0.094,0.302,0.222,FREQUENTLY,North Dakota
38031,0.265,0.081,0.081,0.27,0.304,ALWAYS,North Dakota
38033,0.187,0.206,0.149,0.256,0.203,FREQUENTLY,North Dakota
38035,0.097,0.122,0.222,0.253,0.305,ALWAYS,North Dakota
38037,0.177,0.233,0.125,0.275,0.19,FREQUENTLY,North Dakota
38039,0.162,0.054,0.197,0.217,0.37,ALWAYS,North Dakota
38041,0.218,0.207,0.15,0.232,0.193,FREQUENTLY,North Dakota
38043,0.193,0.206,0.074,0.301,0.226,FREQUENTLY,North Dakota
38045,0.115,0.07,0.193,0.307,0.315,ALWAYS,North Dakota
38047,0.172,0.156,0.104,0.295,0.272,FREQUENTLY,North Dakota
38049,0.206,0.132,0.124,0.263,0.275,ALWAYS,North Dakota
38051,0.169,0.128,0.136,0.275,0.291,ALWAYS,North Dakota
38053,0.19,0.182,0.142,0.253,0.232,FREQUENTLY,North Dakota
38055,0.189,0.185,0.107,0.273,0.246,FREQUENTLY,North Dakota
38057,0.189,0.197,0.111,0.266,0.237,FREQUENTLY,North Dakota
38059,0.172,0.235,0.096,0.293,0.205,FREQUENTLY,North Dakota
38061,0.192,0.16,0.134,0.258,0.256,FREQUENTLY,North Dakota
38063,0.133,0.183,0.193,0.218,0.274,ALWAYS,North Dakota
38065,0.181,0.217,0.102,0.28,0.221,FREQUENTLY,North Dakota
38067,0.08,0.216,0.202,0.256,0.247,FREQUENTLY,North Dakota
38069,0.253,0.136,0.12,0.246,0.246,NEVER,North Dakota
38071,0.242,0.25,0.138,0.175,0.195,RARELY,North Dakota
38073,0.073,0.114,0.223,0.236,0.354,ALWAYS,North Dakota
38075,0.193,0.13,0.141,0.262,0.274,ALWAYS,North Dakota
38077,0.155,0.174,0.189,0.116,0.366,ALWAYS,North Dakota
38079,0.248,0.154,0.135,0.235,0.228,NEVER,North Dakota
38081,0.081,0.163,0.249,0.251,0.257,ALWAYS,North Dakota
38083,0.203,0.186,0.091,0.285,0.235,FREQUENTLY,North Dakota
38085,0.157,0.228,0.108,0.295,0.211,FREQUENTLY,North Dakota
38087,0.217,0.179,0.142,0.246,0.215,FREQUENTLY,North Dakota
38089,0.207,0.205,0.129,0.24,0.219,FREQUENTLY,North Dakota
38091,0.172,0.061,0.302,0.182,0.283,SOMETIMES,North Dakota
38093,0.202,0.053,0.076,0.314,0.354,ALWAYS,North Dakota
38095,0.263,0.232,0.127,0.198,0.18,NEVER,North Dakota
38097,0.144,0.115,0.205,0.233,0.303,ALWAYS,North Dakota
38099,0.087,0.181,0.208,0.253,0.271,ALWAYS,North Dakota
38101,0.195,0.138,0.127,0.263,0.276,ALWAYS,North Dakota
38103,0.254,0.163,0.083,0.275,0.226,FREQUENTLY,North Dakota
38105,0.186,0.182,0.155,0.254,0.223,FREQUENTLY,North Dakota
46003,0.239,0.073,0.236,0.15,0.302,ALWAYS,South Dakota
46005,0.234,0.104,0.147,0.173,0.342,ALWAYS,South Dakota
46007,0.147,0.052,0.117,0.327,0.356,ALWAYS,South Dakota
46009,0.108,0.205,0.198,0.193,0.295,ALWAYS,South Dakota
46011,0.04,0.124,0.263,0.229,0.345,ALWAYS,South Dakota
46013,0.256,0.098,0.142,0.166,0.338,ALWAYS,South Dakota
46015,0.163,0.075,0.168,0.264,0.33,ALWAYS,South Dakota
46017,0.161,0.059,0.157,0.253,0.371,ALWAYS,South Dakota
46019,0.12,0.085,0.153,0.204,0.438,ALWAYS,South Dakota
46021,0.155,0.167,0.122,0.277,0.278,ALWAYS,South Dakota
46023,0.117,0.149,0.254,0.192,0.288,ALWAYS,South Dakota
46025,0.211,0.147,0.172,0.125,0.345,ALWAYS,South Dakota
46027,0.091,0.178,0.116,0.243,0.373,ALWAYS,South Dakota
46029,0.185,0.144,0.25,0.117,0.305,ALWAYS,South Dakota
46031,0.144,0.19,0.134,0.285,0.247,FREQUENTLY,South Dakota
46033,0.132,0.088,0.156,0.229,0.396,ALWAYS,South Dakota
46035,0.249,0.074,0.303,0.107,0.267,SOMETIMES,South Dakota
46037,0.256,0.14,0.175,0.118,0.311,ALWAYS,South Dakota
46039,0.136,0.111,0.275,0.169,0.309,ALWAYS,South Dakota
46041,0.069,0.057,0.141,0.237,0.497,ALWAYS,South Dakota
46043,0.189,0.108,0.269,0.146,0.289,ALWAYS,South Dakota
46045,0.217,0.088,0.15,0.197,0.348,ALWAYS,South Dakota
46047,0.141,0.093,0.152,0.25,0.364,ALWAYS,South Dakota
46049,0.205,0.079,0.146,0.198,0.372,ALWAYS,South Dakota
46051,0.259,0.129,0.232,0.12,0.26,ALWAYS,South Dakota
46053,0.113,0.118,0.206,0.264,0.299,ALWAYS,South Dakota
46055,0.117,0.051,0.151,0.241,0.44,ALWAYS,South Dakota
46057,0.119,0.143,0.256,0.137,0.345,ALWAYS,South Dakota
46059,0.182,0.071,0.147,0.225,0.376,ALWAYS,South Dakota
46061,0.185,0.107,0.269,0.148,0.29,ALWAYS,South Dakota
46063,0.105,0.068,0.145,0.235,0.446,ALWAYS,South Dakota
46065,0.091,0.027,0.109,0.251,0.523,ALWAYS,South Dakota
46067,0.129,0.163,0.199,0.188,0.321,ALWAYS,South Dakota
46069,0.142,0.053,0.142,0.234,0.43,ALWAYS,South Dakota
46071,0.129,0.052,0.136,0.281,0.401,ALWAYS,South Dakota
46073,0.233,0.073,0.185,0.184,0.326,ALWAYS,South Dakota
46075,0.115,0.03,0.101,0.293,0.462,ALWAYS,South Dakota
46077,0.128,0.13,0.217,0.184,0.341,ALWAYS,South Dakota
46079,0.11,0.144,0.183,0.237,0.326,ALWAYS,South Dakota
46081,0.124,0.089,0.154,0.205,0.428,ALWAYS,South Dakota
46083,0.078,0.181,0.106,0.25,0.385,ALWAYS,South Dakota
46085,0.13,0.046,0.119,0.287,0.419,ALWAYS,South Dakota
46087,0.113,0.154,0.144,0.238,0.35,ALWAYS,South Dakota
46089,0.204,0.091,0.161,0.22,0.323,ALWAYS,South Dakota
46091,0.196,0.146,0.183,0.161,0.313,ALWAYS,South Dakota
46093,0.123,0.078,0.161,0.214,0.425,ALWAYS,South Dakota
46095,0.136,0.028,0.091,0.34,0.405,ALWAYS,South Dakota
46097,0.16,0.123,0.216,0.218,0.284,ALWAYS,South Dakota
46099,0.087,0.187,0.106,0.251,0.369,ALWAYS,South Dakota
46101,0.078,0.183,0.165,0.245,0.329,ALWAYS,South Dakota
46102,0.15,0.075,0.139,0.281,0.355,ALWAYS,South Dakota
46103,0.127,0.078,0.159,0.222,0.414,ALWAYS,South Dakota
46105,0.132,0.081,0.185,0.243,0.36,ALWAYS,South Dakota
46107,0.131,0.067,0.147,0.225,0.431,ALWAYS,South Dakota
46109,0.241,0.175,0.164,0.094,0.326,ALWAYS,South Dakota
46111,0.252,0.095,0.222,0.155,0.276,ALWAYS,South Dakota
46115,0.232,0.103,0.132,0.173,0.36,ALWAYS,South Dakota
46117,0.08,0.024,0.104,0.245,0.546,ALWAYS,South Dakota
46119,0.084,0.031,0.128,0.228,0.528,ALWAYS,South Dakota
46121,0.147,0.031,0.097,0.368,0.357,FREQUENTLY,South Dakota
46123,0.142,0.066,0.138,0.311,0.343,ALWAYS,South Dakota
46125,0.084,0.176,0.115,0.251,0.375,ALWAYS,South Dakota
46127,0.082,0.177,0.12,0.204,0.418,ALWAYS,South Dakota
46129,0.14,0.144,0.132,0.265,0.318,ALWAYS,South Dakota
46135,0.109,0.205,0.167,0.26,0.259,FREQUENTLY,South Dakota
46137,0.105,0.053,0.172,0.235,0.434,ALWAYS,South Dakota
56001,0.136,0.1,0.151,0.181,0.432,ALWAYS,Wyoming
56003,0.182,0.187,0.12,0.257,0.253,FREQUENTLY,Wyoming
56005,0.216,0.164,0.131,0.201,0.289,ALWAYS,Wyoming
56007,0.044,0.137,0.087,0.278,0.454,ALWAYS,Wyoming
56009,0.138,0.113,0.121,0.293,0.335,ALWAYS,Wyoming
56011,0.145,0.115,0.143,0.192,0.404,ALWAYS,Wyoming
56013,0.16,0.062,0.06,0.294,0.424,ALWAYS,Wyoming
56015,0.201,0.169,0.111,0.223,0.296,ALWAYS,Wyoming
56017,0.208,0.093,0.068,0.307,0.324,ALWAYS,Wyoming
56019,0.183,0.208,0.103,0.216,0.29,ALWAYS,Wyoming
56021,0.143,0.127,0.1,0.221,0.409,ALWAYS,Wyoming
56023,0.131,0.183,0.128,0.235,0.324,ALWAYS,Wyoming
56025,0.1,0.084,0.094,0.325,0.398,ALWAYS,Wyoming
56027,0.169,0.191,0.177,0.222,0.241,ALWAYS,Wyoming
56029,0.189,0.153,0.191,0.205,0.262,ALWAYS,Wyoming
56031,0.149,0.149,0.123,0.16,0.418,ALWAYS,Wyoming
56033,0.17,0.251,0.099,0.203,0.278,ALWAYS,Wyoming
56035,0.223,0.111,0.061,0.231,0.374,ALWAYS,Wyoming
56037,0.061,0.295,0.23,0.146,0.268,RARELY,Wyoming
56039,0.095,0.157,0.16,0.247,0.34,ALWAYS,Wyoming
56041,0.098,0.278,0.154,0.207,0.264,RARELY,Wyoming
56043,0.204,0.155,0.069,0.285,0.287,ALWAYS,Wyoming
56045,0.142,0.129,0.148,0.207,0.374,ALWAYS,Wyoming
