COUNTYFP,NEVER,RARELY,SOMETIMES,FREQUENTLY,ALWAYS,MODE_USAGE,STATE
1001,0.053,0.074,0.134,0.295,0.444,ALWAYS,Alabama
1003,0.083,0.059,0.098,0.323,0.436,ALWAYS,Alabama
1005,0.067,0.121,0.12,0.201,0.491,ALWAYS,Alabama
1007,0.02,0.034,0.096,0.278,0.572,ALWAYS,Alabama
1009,0.053,0.114,0.18,0.194,0.459,ALWAYS,Alabama
1011,0.031,0.04,0.144,0.286,0.5,ALWAYS,Alabama
1013,0.102,0.053,0.257,0.137,0.451,ALWAYS,Alabama
1015,0.152,0.108,0.13,0.167,0.442,ALWAYS,Alabama
1017,0.117,0.037,0.15,0.136,0.56,ALWAYS,Alabama
1019,0.135,0.027,0.161,0.158,0.52,ALWAYS,Alabama
1021,0.06,0.07,0.058,0.194,0.618,ALWAYS,Alabama
1023,0.049,0.038,0.126,0.219,0.568,ALWAYS,Alabama
1025,0.049,0.088,0.164,0.268,0.43,ALWAYS,Alabama
1027,0.148,0.158,0.195,0.169,0.329,ALWAYS,Alabama
1029,0.151,0.125,0.138,0.217,0.368,ALWAYS,Alabama
1031,0.101,0.152,0.094,0.186,0.466,ALWAYS,Alabama
1033,0.082,0.096,0.152,0.159,0.51,ALWAYS,Alabama
1035,0.099,0.052,0.259,0.192,0.399,ALWAYS,Alabama
1037,0.055,0.131,0.167,0.263,0.384,ALWAYS,Alabama
1039,0.187,0.128,0.129,0.201,0.356,ALWAYS,Alabama
1041,0.06,0.091,0.199,0.233,0.416,ALWAYS,Alabama
1043,0.13,0.024,0.249,0.217,0.379,ALWAYS,Alabama
1045,0.089,0.113,0.118,0.22,0.46,ALWAYS,Alabama
1047,0.095,0.1,0.159,0.122,0.524,ALWAYS,Alabama
1049,0.084,0.051,0.106,0.179,0.58,ALWAYS,Alabama
1051,0.042,0.095,0.127,0.252,0.485,ALWAYS,Alabama
1053,0.114,0.026,0.188,0.285,0.387,ALWAYS,Alabama
1055,0.096,0.103,0.178,0.122,0.501,ALWAYS,Alabama
1057,0.138,0.048,0.151,0.233,0.429,ALWAYS,Alabama
1059,0.065,0.071,0.223,0.156,0.484,ALWAYS,Alabama
1061,0.176,0.131,0.089,0.158,0.445,ALWAYS,Alabama
1063,0.03,0.053,0.127,0.167,0.623,ALWAYS,Alabama
1065,0.026,0.061,0.084,0.191,0.639,ALWAYS,Alabama
1067,0.066,0.068,0.17,0.258,0.438,ALWAYS,Alabama
1069,0.085,0.079,0.135,0.268,0.433,ALWAYS,Alabama
1071,0.092,0.089,0.11,0.249,0.46,ALWAYS,Alabama
1073,0.049,0.037,0.107,0.179,0.628,ALWAYS,Alabama
1075,0.107,0.045,0.132,0.189,0.527,ALWAYS,Alabama
1077,0.093,0.119,0.141,0.179,0.469,ALWAYS,Alabama
1079,0.162,0.08,0.088,0.251,0.419,ALWAYS,Alabama
1081,0.053,0.064,0.138,0.183,0.562,ALWAYS,Alabama
1083,0.102,0.034,0.133,0.336,0.395,ALWAYS,Alabama
1085,0.12,0.073,0.145,0.199,0.464,ALWAYS,Alabama
1087,0.008,0.033,0.241,0.172,0.545,ALWAYS,Alabama
1089,0.062,0.05,0.123,0.177,0.589,ALWAYS,Alabama
1091,0.033,0.151,0.118,0.186,0.512,ALWAYS,Alabama
1093,0.129,0.064,0.246,0.207,0.353,ALWAYS,Alabama
1095,0.075,0.064,0.129,0.253,0.479,ALWAYS,Alabama
1097,0.077,0.07,0.102,0.244,0.506,ALWAYS,Alabama
1099,0.112,0.041,0.182,0.288,0.378,ALWAYS,Alabama
1101,0.056,0.095,0.123,0.212,0.513,ALWAYS,Alabama
1103,0.078,0.077,0.082,0.304,0.459,ALWAYS,Alabama
1105,0.025,0.084,0.087,0.187,0.618,ALWAYS,Alabama
1107,0.031,0.06,0.169,0.157,0.584,ALWAYS,Alabama
1109,0.06,0.131,0.145,0.333,0.33,FREQUENTLY,Alabama
1111,0.158,0.226,0.105,0.144,0.368,ALWAYS,Alabama
1113,0.069,0.067,0.08,0.213,0.57,ALWAYS,Alabama
1115,0.027,0.134,0.144,0.2,0.495,ALWAYS,Alabama
1117,0.022,0.075,0.118,0.24,0.545,ALWAYS,Alabama
1119,0.055,0.068,0.118,0.197,0.562,ALWAYS,Alabama
1121,0.113,0.15,0.208,0.169,0.361,ALWAYS,Alabama
1123,0.067,0.095,0.136,0.296,0.406,ALWAYS,Alabama
1125,0.041,0.036,0.144,0.247,0.532,ALWAYS,Alabama
1127,0.09,0.081,0.145,0.256,0.429,ALWAYS,Alabama
1129,0.018,0.077,0.102,0.307,0.495,ALWAYS,Alabama
1131,0.061,0.098,0.199,0.187,0.455,ALWAYS,Alabama
1133,0.13,0.046,0.328,0.183,0.312,SOMETIMES,Alabama
2013,0.067,0.032,0.034,0.316,0.551,ALWAYS,Alaska
2016,0.078,0.031,0.03,0.337,0.524,ALWAYS,Alaska
2020,0.042,0.05,0.049,0.196,0.663,ALWAYS,Alaska
2050,0.101,0.022,0.014,0.45,0.413,FREQUENTLY,Alaska
2060,0.048,0.037,0.042,0.308,0.564,ALWAYS,Alaska
2068,0.062,0.081,0.067,0.225,0.565,ALWAYS,Alaska
2070,0.072,0.025,0.027,0.391,0.484,ALWAYS,Alaska
2090,0.094,0.084,0.175,0.234,0.413,ALWAYS,Alaska
2100,0.055,0.05,0.123,0.419,0.352,FREQUENTLY,Alaska
2105,0.051,0.064,0.13,0.399,0.356,FREQUENTLY,Alaska
2110,0.051,0.067,0.133,0.396,0.353,FREQUENTLY,Alaska
2122,0.043,0.047,0.051,0.197,0.662,ALWAYS,Alaska
2130,0.025,0.149,0.174,0.256,0.396,ALWAYS,Alaska
2150,0.042,0.043,0.049,0.233,0.633,ALWAYS,Alaska
2158,0.103,0.022,0.007,0.521,0.347,FREQUENTLY,Alaska
2164,0.055,0.036,0.04,0.299,0.571,ALWAYS,Alaska
2170,0.042,0.051,0.048,0.198,0.66,ALWAYS,Alaska
2180,0.086,0.061,0.009,0.544,0.3,FREQUENTLY,Alaska
2185,0.036,0.059,0.235,0.215,0.455,ALWAYS,Alaska
2188,0.035,0.188,0.051,0.474,0.252,FREQUENTLY,Alaska
2195,0.042,0.095,0.148,0.349,0.365,ALWAYS,Alaska
2198,0.033,0.125,0.161,0.3,0.38,ALWAYS,Alaska
2220,0.048,0.077,0.137,0.381,0.357,FREQUENTLY,Alaska
2230,0.058,0.038,0.116,0.435,0.354,FREQUENTLY,Alaska
2240,0.064,0.071,0.14,0.272,0.453,ALWAYS,Alaska
2261,0.04,0.049,0.052,0.197,0.663,ALWAYS,Alaska
2275,0.035,0.119,0.16,0.312,0.374,ALWAYS,Alaska
2282,0.047,0.012,0.078,0.381,0.481,ALWAYS,Alaska
2290,0.044,0.047,0.126,0.425,0.358,FREQUENTLY,Alaska
4001,0.055,0.063,0.031,0.15,0.701,ALWAYS,Arizona
4003,0.053,0.025,0.147,0.194,0.581,ALWAYS,Arizona
4005,0.039,0.08,0.07,0.11,0.702,ALWAYS,Arizona
4007,0.073,0.014,0.03,0.336,0.547,ALWAYS,Arizona
4009,0.095,0.067,0.237,0.049,0.553,ALWAYS,Arizona
4011,0.111,0.089,0.167,0.089,0.544,ALWAYS,Arizona
4012,0.031,0.064,0.162,0.173,0.57,ALWAYS,Arizona
4013,0.023,0.025,0.059,0.158,0.734,ALWAYS,Arizona
4015,0.051,0.096,0.104,0.164,0.585,ALWAYS,Arizona
4017,0.091,0.108,0.059,0.139,0.602,ALWAYS,Arizona
4019,0.023,0.024,0.073,0.121,0.759,ALWAYS,Arizona
4021,0.033,0.055,0.096,0.148,0.667,ALWAYS,Arizona
4023,0.028,0.002,0.058,0.074,0.837,ALWAYS,Arizona
4025,0.031,0.073,0.081,0.176,0.639,ALWAYS,Arizona
4027,0.008,0.013,0.046,0.129,0.804,ALWAYS,Arizona
5001,0.019,0.073,0.134,0.216,0.557,ALWAYS,Arkansas
5003,0.023,0.103,0.163,0.117,0.595,ALWAYS,Arkansas
5005,0.15,0.104,0.108,0.104,0.534,ALWAYS,Arkansas
5007,0.081,0.034,0.083,0.16,0.643,ALWAYS,Arkansas
5009,0.129,0.145,0.122,0.189,0.416,ALWAYS,Arkansas
5011,0.094,0.102,0.175,0.184,0.445,ALWAYS,Arkansas
5013,0.145,0.132,0.108,0.211,0.404,ALWAYS,Arkansas
5015,0.111,0.068,0.115,0.129,0.577,ALWAYS,Arkansas
5017,0.104,0.074,0.193,0.097,0.531,ALWAYS,Arkansas
5019,0.08,0.091,0.08,0.231,0.518,ALWAYS,Arkansas
5021,0.082,0.124,0.157,0.242,0.395,ALWAYS,Arkansas
5023,0.036,0.065,0.093,0.259,0.546,ALWAYS,Arkansas
5025,0.107,0.03,0.16,0.231,0.472,ALWAYS,Arkansas
5027,0.241,0.072,0.054,0.25,0.383,ALWAYS,Arkansas
5029,0.071,0.12,0.137,0.347,0.325,FREQUENTLY,Arkansas
5031,0.078,0.123,0.138,0.341,0.32,FREQUENTLY,Arkansas
5033,0.155,0.1,0.167,0.211,0.367,ALWAYS,Arkansas
5035,0.059,0.017,0.11,0.306,0.508,ALWAYS,Arkansas
5037,0.097,0.017,0.163,0.319,0.404,ALWAYS,Arkansas
5039,0.197,0.055,0.093,0.196,0.459,ALWAYS,Arkansas
5041,0.078,0.033,0.19,0.189,0.509,ALWAYS,Arkansas
5043,0.063,0.049,0.207,0.159,0.523,ALWAYS,Arkansas
5045,0.066,0.027,0.077,0.403,0.426,ALWAYS,Arkansas
5047,0.149,0.079,0.245,0.187,0.34,ALWAYS,Arkansas
5049,0.105,0.121,0.226,0.197,0.351,ALWAYS,Arkansas
5051,0.025,0.102,0.068,0.21,0.596,ALWAYS,Arkansas
5053,0.082,0.043,0.127,0.258,0.489,ALWAYS,Arkansas
5055,0.062,0.141,0.154,0.346,0.297,FREQUENTLY,Arkansas
5057,0.098,0.073,0.096,0.179,0.554,ALWAYS,Arkansas
5059,0.059,0.086,0.079,0.216,0.56,ALWAYS,Arkansas
5061,0.081,0.07,0.145,0.145,0.56,ALWAYS,Arkansas
5063,0.137,0.156,0.088,0.179,0.44,ALWAYS,Arkansas
5065,0.086,0.121,0.133,0.23,0.43,ALWAYS,Arkansas
5067,0.116,0.103,0.135,0.179,0.468,ALWAYS,Arkansas
5069,0.042,0.036,0.172,0.173,0.577,ALWAYS,Arkansas
5071,0.144,0.103,0.205,0.221,0.328,ALWAYS,Arkansas
5073,0.12,0.082,0.078,0.234,0.486,ALWAYS,Arkansas
5075,0.085,0.128,0.153,0.298,0.337,ALWAYS,Arkansas
5077,0.103,0.032,0.195,0.263,0.407,ALWAYS,Arkansas
5079,0.035,0.016,0.194,0.201,0.554,ALWAYS,Arkansas
5081,0.074,0.121,0.106,0.201,0.499,ALWAYS,Arkansas
5083,0.148,0.11,0.12,0.143,0.479,ALWAYS,Arkansas
5085,0.048,0.045,0.136,0.297,0.474,ALWAYS,Arkansas
5087,0.075,0.088,0.159,0.114,0.564,ALWAYS,Arkansas
5089,0.171,0.112,0.119,0.108,0.49,ALWAYS,Arkansas
5091,0.064,0.124,0.106,0.219,0.487,ALWAYS,Arkansas
5093,0.033,0.109,0.134,0.284,0.44,ALWAYS,Arkansas
5095,0.068,0.128,0.127,0.271,0.406,ALWAYS,Arkansas
5097,0.081,0.095,0.136,0.166,0.521,ALWAYS,Arkansas
5099,0.143,0.048,0.084,0.224,0.501,ALWAYS,Arkansas
5101,0.107,0.14,0.084,0.261,0.408,ALWAYS,Arkansas
5103,0.151,0.097,0.06,0.242,0.449,ALWAYS,Arkansas
5105,0.098,0.051,0.08,0.367,0.404,ALWAYS,Arkansas
5107,0.052,0.061,0.134,0.276,0.477,ALWAYS,Arkansas
5109,0.064,0.061,0.2,0.176,0.501,ALWAYS,Arkansas
5111,0.077,0.098,0.141,0.287,0.397,ALWAYS,Arkansas
5113,0.18,0.08,0.217,0.076,0.446,ALWAYS,Arkansas
5115,0.082,0.151,0.181,0.285,0.302,ALWAYS,Arkansas
5117,0.062,0.17,0.103,0.273,0.391,ALWAYS,Arkansas
5119,0.028,0.027,0.126,0.175,0.644,ALWAYS,Arkansas
5121,0.051,0.145,0.203,0.289,0.311,ALWAYS,Arkansas
5123,0.087,0.007,0.289,0.267,0.35,ALWAYS,Arkansas
5125,0.066,0.044,0.154,0.212,0.524,ALWAYS,Arkansas
5127,0.155,0.14,0.124,0.123,0.458,ALWAYS,Arkansas
5129,0.1,0.088,0.125,0.149,0.538,ALWAYS,Arkansas
5131,0.121,0.142,0.157,0.208,0.372,ALWAYS,Arkansas
5133,0.12,0.093,0.155,0.165,0.467,ALWAYS,Arkansas
5135,0.067,0.158,0.22,0.222,0.333,ALWAYS,Arkansas
5137,0.067,0.092,0.11,0.234,0.498,ALWAYS,Arkansas
5139,0.116,0.179,0.098,0.262,0.344,ALWAYS,Arkansas
5141,0.033,0.06,0.096,0.272,0.539,ALWAYS,Arkansas
5143,0.034,0.028,0.101,0.186,0.651,ALWAYS,Arkansas
5145,0.026,0.054,0.152,0.277,0.491,ALWAYS,Arkansas
5147,0.059,0.048,0.208,0.231,0.454,ALWAYS,Arkansas
5149,0.116,0.1,0.112,0.198,0.474,ALWAYS,Arkansas
6001,0.019,0.008,0.055,0.123,0.795,ALWAYS,California
6003,0.025,0.085,0.088,0.19,0.612,ALWAYS,California
6005,0.045,0.013,0.099,0.188,0.655,ALWAYS,California
6007,0.015,0.043,0.111,0.204,0.626,ALWAYS,California
6009,0.045,0.019,0.098,0.276,0.562,ALWAYS,California
6011,0.027,0.031,0.092,0.151,0.7,ALWAYS,California
6013,0.018,0.016,0.039,0.121,0.806,ALWAYS,California
6015,0.01,0.135,0.112,0.196,0.547,ALWAYS,California
6017,0.028,0.042,0.072,0.183,0.675,ALWAYS,California
6019,0.021,0.022,0.059,0.156,0.741,ALWAYS,California
6021,0.028,0.026,0.146,0.206,0.594,ALWAYS,California
6023,0.042,0.006,0.018,0.069,0.865,ALWAYS,California
6025,0.001,0.005,0.03,0.128,0.836,ALWAYS,California
6027,0.033,0.011,0.008,0.058,0.889,ALWAYS,California
6029,0.022,0.028,0.105,0.177,0.668,ALWAYS,California
6031,0.075,0.016,0.049,0.094,0.766,ALWAYS,California
6033,0.003,0.004,0.007,0.136,0.849,ALWAYS,California
6035,0.064,0.068,0.162,0.225,0.482,ALWAYS,California
6037,0.021,0.013,0.049,0.131,0.786,ALWAYS,California
6039,0.019,0.059,0.048,0.124,0.751,ALWAYS,California
6041,0.011,0,0.046,0.141,0.802,ALWAYS,California
6043,0.01,0.094,0.049,0.186,0.661,ALWAYS,California
6045,0.002,0.003,0.004,0.222,0.77,ALWAYS,California
6047,0.026,0.036,0.089,0.146,0.703,ALWAYS,California
6049,0.068,0.019,0.095,0.204,0.615,ALWAYS,California
6051,0.011,0.026,0.012,0.07,0.88,ALWAYS,California
6053,0.023,0.006,0.066,0.141,0.763,ALWAYS,California
6055,0.017,0.026,0.033,0.149,0.773,ALWAYS,California
6057,0.003,0.054,0.084,0.177,0.682,ALWAYS,California
6059,0.023,0.021,0.046,0.156,0.754,ALWAYS,California
6061,0.012,0.023,0.072,0.201,0.693,ALWAYS,California
6063,0.063,0.067,0.053,0.146,0.671,ALWAYS,California
6065,0.026,0.014,0.041,0.116,0.803,ALWAYS,California
6067,0.025,0.028,0.062,0.164,0.722,ALWAYS,California
6069,0.018,0.004,0.063,0.175,0.739,ALWAYS,California
6071,0.027,0.022,0.048,0.134,0.768,ALWAYS,California
6073,0.017,0.023,0.034,0.126,0.8,ALWAYS,California
6075,0.017,0.011,0.035,0.121,0.817,ALWAYS,California
6077,0.054,0.019,0.081,0.165,0.68,ALWAYS,California
6079,0.025,0.024,0.037,0.169,0.745,ALWAYS,California
6081,0.016,0.013,0.058,0.126,0.786,ALWAYS,California
6083,0.015,0.02,0.075,0.153,0.737,ALWAYS,California
6085,0.015,0.014,0.04,0.168,0.764,ALWAYS,California
6087,0.008,0,0.086,0.109,0.797,ALWAYS,California
6089,0.095,0.056,0.071,0.232,0.547,ALWAYS,California
6091,0.14,0.053,0.047,0.143,0.617,ALWAYS,California
6093,0.132,0.074,0.082,0.167,0.546,ALWAYS,California
6095,0.043,0.046,0.035,0.148,0.728,ALWAYS,California
6097,0.022,0.012,0.022,0.149,0.795,ALWAYS,California
6099,0.032,0.028,0.062,0.173,0.705,ALWAYS,California
6101,0.058,0.031,0.08,0.163,0.669,ALWAYS,California
6103,0.057,0.062,0.141,0.195,0.545,ALWAYS,California
6105,0.081,0.07,0.055,0.201,0.592,ALWAYS,California
6107,0.025,0.039,0.115,0.136,0.685,ALWAYS,California
6109,0.008,0.043,0.084,0.212,0.653,ALWAYS,California
6111,0.024,0.011,0.033,0.156,0.777,ALWAYS,California
6113,0.007,0.005,0.04,0.156,0.791,ALWAYS,California
6115,0.057,0.035,0.071,0.167,0.669,ALWAYS,California
8001,0.032,0.027,0.071,0.185,0.685,ALWAYS,Colorado
8003,0.052,0.133,0.094,0.228,0.493,ALWAYS,Colorado
8005,0.013,0.026,0.065,0.193,0.703,ALWAYS,Colorado
8007,0.041,0.041,0.155,0.276,0.488,ALWAYS,Colorado
8009,0.113,0.053,0.194,0.206,0.435,ALWAYS,Colorado
8011,0.033,0.036,0.172,0.191,0.567,ALWAYS,Colorado
8013,0.008,0.015,0.032,0.195,0.75,ALWAYS,Colorado
8014,0.018,0.005,0.042,0.201,0.734,ALWAYS,Colorado
8015,0.038,0.045,0.134,0.138,0.645,ALWAYS,Colorado
8017,0.016,0.187,0.106,0.398,0.292,FREQUENTLY,Colorado
8019,0.002,0.015,0.138,0.123,0.723,ALWAYS,Colorado
8021,0.06,0.106,0.093,0.195,0.545,ALWAYS,Colorado
8023,0.034,0.072,0.076,0.175,0.644,ALWAYS,Colorado
8025,0.002,0.034,0.08,0.294,0.59,ALWAYS,Colorado
8027,0.017,0.098,0.153,0.234,0.498,ALWAYS,Colorado
8029,0.087,0.094,0.074,0.295,0.45,ALWAYS,Colorado
8031,0.02,0.018,0.062,0.194,0.707,ALWAYS,Colorado
8033,0.052,0.039,0.066,0.252,0.591,ALWAYS,Colorado
8035,0.013,0.041,0.081,0.192,0.673,ALWAYS,Colorado
8037,0.008,0.003,0.033,0.269,0.687,ALWAYS,Colorado
8039,0.016,0.044,0.19,0.246,0.505,ALWAYS,Colorado
8041,0.031,0.089,0.081,0.196,0.603,ALWAYS,Colorado
8043,0.006,0.069,0.062,0.2,0.663,ALWAYS,Colorado
8045,0.065,0.04,0.037,0.326,0.532,ALWAYS,Colorado
8047,0.001,0.027,0.017,0.17,0.785,ALWAYS,Colorado
8049,0.006,0.002,0.05,0.187,0.754,ALWAYS,Colorado
8051,0.057,0.039,0.043,0.281,0.581,ALWAYS,Colorado
8053,0.043,0.05,0.117,0.271,0.519,ALWAYS,Colorado
8055,0.028,0.051,0.051,0.275,0.595,ALWAYS,Colorado
8057,0.021,0.027,0.09,0.342,0.52,ALWAYS,Colorado
8059,0.028,0.031,0.075,0.194,0.673,ALWAYS,Colorado
8061,0.028,0.051,0.159,0.27,0.492,ALWAYS,Colorado
8063,0.024,0.323,0.119,0.344,0.19,FREQUENTLY,Colorado
8065,0.002,0.016,0.036,0.193,0.753,ALWAYS,Colorado
8067,0.043,0.02,0.122,0.274,0.541,ALWAYS,Colorado
8069,0.013,0.037,0.06,0.231,0.659,ALWAYS,Colorado
8071,0.052,0.03,0.101,0.17,0.648,ALWAYS,Colorado
8073,0.013,0.068,0.196,0.403,0.321,FREQUENTLY,Colorado
8075,0.078,0.202,0.101,0.368,0.251,FREQUENTLY,Colorado
8077,0.075,0.105,0.098,0.222,0.499,ALWAYS,Colorado
8079,0.049,0.072,0.138,0.264,0.478,ALWAYS,Colorado
8081,0.041,0.142,0.162,0.284,0.371,ALWAYS,Colorado
8083,0.057,0.019,0.081,0.257,0.586,ALWAYS,Colorado
8085,0.085,0.092,0.074,0.314,0.436,ALWAYS,Colorado
8087,0.083,0.161,0.116,0.245,0.396,ALWAYS,Colorado
8089,0.004,0.047,0.102,0.194,0.653,ALWAYS,Colorado
8091,0.06,0.08,0.069,0.295,0.495,ALWAYS,Colorado
8093,0.021,0.018,0.103,0.137,0.722,ALWAYS,Colorado
8095,0.05,0.19,0.137,0.255,0.368,ALWAYS,Colorado
8097,0.019,0.014,0.016,0.318,0.633,ALWAYS,Colorado
8099,0.079,0.046,0.205,0.201,0.469,ALWAYS,Colorado
8101,0.018,0.044,0.074,0.28,0.584,ALWAYS,Colorado
8103,0.111,0.092,0.074,0.265,0.458,ALWAYS,Colorado
8105,0.061,0.144,0.11,0.242,0.444,ALWAYS,Colorado
8107,0.008,0.036,0.092,0.375,0.489,ALWAYS,Colorado
8109,0.065,0.122,0.138,0.232,0.443,ALWAYS,Colorado
8111,0.032,0.038,0.097,0.27,0.563,ALWAYS,Colorado
8113,0.043,0.058,0.074,0.26,0.565,ALWAYS,Colorado
8115,0.065,0.162,0.138,0.267,0.368,ALWAYS,Colorado
8117,0,0.001,0.064,0.151,0.784,ALWAYS,Colorado
8119,0.105,0.087,0.066,0.145,0.597,ALWAYS,Colorado
8121,0.077,0.208,0.101,0.303,0.31,ALWAYS,Colorado
8123,0.046,0.038,0.135,0.231,0.55,ALWAYS,Colorado
8125,0.038,0.284,0.133,0.255,0.29,ALWAYS,Colorado
9001,0.027,0.019,0.06,0.114,0.78,ALWAYS,Connecticut
9003,0.015,0.023,0.065,0.13,0.767,ALWAYS,Connecticut
9005,0.017,0.051,0.021,0.098,0.812,ALWAYS,Connecticut
9007,0.003,0.007,0.055,0.128,0.807,ALWAYS,Connecticut
9009,0.023,0.014,0.053,0.115,0.795,ALWAYS,Connecticut
9011,0.025,0.021,0.066,0.142,0.747,ALWAYS,Connecticut
9013,0.008,0.008,0.027,0.147,0.81,ALWAYS,Connecticut
9015,0.022,0.041,0.082,0.137,0.718,ALWAYS,Connecticut
10001,0.026,0.006,0.106,0.051,0.811,ALWAYS,Delaware
10003,0.027,0.013,0.041,0.133,0.786,ALWAYS,Delaware
10005,0.005,0.001,0.035,0.103,0.856,ALWAYS,Delaware
11001,0.012,0.013,0.069,0.164,0.743,ALWAYS,District of Columbia
12001,0.001,0.024,0.053,0.17,0.751,ALWAYS,Florida
12003,0.087,0.076,0.18,0.215,0.442,ALWAYS,Florida
12005,0.065,0.109,0.076,0.202,0.548,ALWAYS,Florida
12007,0.106,0.168,0.172,0.173,0.381,ALWAYS,Florida
12009,0.068,0.073,0.096,0.157,0.607,ALWAYS,Florida
12011,0.026,0.023,0.043,0.117,0.791,ALWAYS,Florida
12013,0.034,0.055,0.138,0.267,0.507,ALWAYS,Florida
12015,0.051,0.049,0.101,0.158,0.64,ALWAYS,Florida
12017,0.09,0.036,0.087,0.178,0.609,ALWAYS,Florida
12019,0.055,0.067,0.15,0.209,0.52,ALWAYS,Florida
12021,0.04,0.023,0.067,0.212,0.658,ALWAYS,Florida
12023,0.047,0.026,0.288,0.254,0.385,ALWAYS,Florida
12027,0.023,0.064,0.056,0.142,0.715,ALWAYS,Florida
12029,0.071,0.095,0.119,0.318,0.397,ALWAYS,Florida
12031,0.049,0.042,0.086,0.194,0.629,ALWAYS,Florida
12033,0.019,0.052,0.095,0.31,0.524,ALWAYS,Florida
12035,0.079,0.05,0.113,0.157,0.602,ALWAYS,Florida
12037,0.022,0.101,0.237,0.228,0.412,ALWAYS,Florida
12039,0.06,0.033,0.104,0.227,0.575,ALWAYS,Florida
12041,0.016,0.151,0.069,0.324,0.44,ALWAYS,Florida
12043,0.047,0.082,0.098,0.096,0.677,ALWAYS,Florida
12045,0.046,0.125,0.12,0.249,0.46,ALWAYS,Florida
12047,0.101,0.071,0.235,0.227,0.365,ALWAYS,Florida
12049,0.114,0.041,0.179,0.186,0.48,ALWAYS,Florida
12051,0.046,0.042,0.112,0.15,0.65,ALWAYS,Florida
12053,0.09,0.04,0.091,0.19,0.589,ALWAYS,Florida
12055,0.025,0.056,0.145,0.138,0.635,ALWAYS,Florida
12057,0.023,0.031,0.069,0.155,0.722,ALWAYS,Florida
12059,0.17,0.077,0.081,0.111,0.562,ALWAYS,Florida
12061,0.054,0.065,0.082,0.193,0.607,ALWAYS,Florida
12063,0.064,0.108,0.129,0.174,0.526,ALWAYS,Florida
12065,0.019,0.017,0.099,0.183,0.682,ALWAYS,Florida
12067,0.102,0.081,0.22,0.208,0.389,ALWAYS,Florida
12069,0.047,0.062,0.074,0.185,0.632,ALWAYS,Florida
12071,0.052,0.05,0.073,0.176,0.648,ALWAYS,Florida
12073,0.051,0.022,0.071,0.156,0.7,ALWAYS,Florida
12075,0.017,0.132,0.072,0.187,0.592,ALWAYS,Florida
12077,0.022,0.023,0.205,0.268,0.482,ALWAYS,Florida
12079,0.164,0.085,0.148,0.264,0.34,ALWAYS,Florida
12081,0.074,0.037,0.062,0.201,0.626,ALWAYS,Florida
12083,0.046,0.087,0.121,0.203,0.543,ALWAYS,Florida
12085,0.027,0.018,0.066,0.169,0.719,ALWAYS,Florida
12086,0.032,0.023,0.06,0.128,0.756,ALWAYS,Florida
12087,0.007,0.001,0.014,0.159,0.819,ALWAYS,Florida
12089,0.09,0.07,0.147,0.223,0.47,ALWAYS,Florida
12091,0.091,0.083,0.147,0.21,0.469,ALWAYS,Florida
12093,0.016,0.034,0.064,0.171,0.715,ALWAYS,Florida
12095,0.02,0.02,0.072,0.164,0.724,ALWAYS,Florida
12097,0.025,0.022,0.058,0.176,0.72,ALWAYS,Florida
12099,0.03,0.02,0.05,0.116,0.784,ALWAYS,Florida
12101,0.027,0.029,0.055,0.179,0.709,ALWAYS,Florida
12103,0.025,0.019,0.074,0.133,0.75,ALWAYS,Florida
12105,0.05,0.063,0.085,0.172,0.63,ALWAYS,Florida
12107,0.068,0.05,0.114,0.186,0.581,ALWAYS,Florida
12109,0.047,0.071,0.097,0.223,0.561,ALWAYS,Florida
12111,0.077,0.022,0.08,0.173,0.648,ALWAYS,Florida
12113,0.047,0.068,0.166,0.265,0.453,ALWAYS,Florida
12115,0.017,0.031,0.073,0.175,0.704,ALWAYS,Florida
12117,0.037,0.039,0.066,0.141,0.717,ALWAYS,Florida
12119,0.037,0.036,0.064,0.235,0.628,ALWAYS,Florida
12121,0.105,0.055,0.244,0.227,0.369,ALWAYS,Florida
12123,0.103,0.086,0.19,0.145,0.476,ALWAYS,Florida
12125,0.044,0.04,0.176,0.267,0.473,ALWAYS,Florida
12127,0.035,0.066,0.089,0.192,0.618,ALWAYS,Florida
12129,0.032,0.092,0.172,0.275,0.429,ALWAYS,Florida
12131,0.092,0.06,0.092,0.244,0.512,ALWAYS,Florida
12133,0.138,0.085,0.062,0.158,0.557,ALWAYS,Florida
13001,0.085,0.117,0.23,0.152,0.416,ALWAYS,Georgia
13003,0.059,0.1,0.179,0.217,0.445,ALWAYS,Georgia
13005,0.071,0.132,0.187,0.188,0.421,ALWAYS,Georgia
13007,0.027,0.048,0.054,0.127,0.743,ALWAYS,Georgia
13009,0.02,0.089,0.107,0.29,0.494,ALWAYS,Georgia
13011,0.136,0.103,0.125,0.238,0.399,ALWAYS,Georgia
13013,0.063,0.086,0.092,0.19,0.568,ALWAYS,Georgia
13015,0.215,0.05,0.123,0.143,0.47,ALWAYS,Georgia
13017,0.129,0.078,0.109,0.202,0.483,ALWAYS,Georgia
13019,0.073,0.098,0.156,0.214,0.46,ALWAYS,Georgia
13021,0.043,0.094,0.176,0.201,0.487,ALWAYS,Georgia
13023,0.089,0.031,0.117,0.256,0.508,ALWAYS,Georgia
13025,0.047,0.129,0.15,0.164,0.51,ALWAYS,Georgia
13027,0.092,0.165,0.124,0.235,0.385,ALWAYS,Georgia
13029,0.033,0.039,0.095,0.238,0.595,ALWAYS,Georgia
13031,0.053,0.049,0.163,0.31,0.424,ALWAYS,Georgia
13033,0.105,0.109,0.087,0.208,0.492,ALWAYS,Georgia
13035,0.125,0.037,0.144,0.163,0.53,ALWAYS,Georgia
13037,0.013,0.035,0.043,0.172,0.737,ALWAYS,Georgia
13039,0.136,0.125,0.17,0.113,0.456,ALWAYS,Georgia
13043,0.037,0.045,0.177,0.264,0.477,ALWAYS,Georgia
13045,0.089,0.133,0.154,0.168,0.457,ALWAYS,Georgia
13047,0.143,0.152,0.114,0.217,0.375,ALWAYS,Georgia
13049,0.065,0.094,0.15,0.196,0.495,ALWAYS,Georgia
13051,0.035,0.04,0.144,0.158,0.624,ALWAYS,Georgia
13053,0.061,0.072,0.108,0.214,0.545,ALWAYS,Georgia
13055,0.116,0.102,0.187,0.143,0.451,ALWAYS,Georgia
13057,0.049,0.054,0.1,0.213,0.584,ALWAYS,Georgia
13059,0.054,0.057,0.06,0.226,0.603,ALWAYS,Georgia
13061,0.028,0.066,0.12,0.223,0.562,ALWAYS,Georgia
13063,0.038,0.054,0.125,0.159,0.624,ALWAYS,Georgia
13065,0.06,0.058,0.134,0.168,0.58,ALWAYS,Georgia
13067,0.039,0.049,0.116,0.225,0.572,ALWAYS,Georgia
13069,0.085,0.124,0.164,0.222,0.404,ALWAYS,Georgia
13071,0.108,0.191,0.074,0.233,0.394,ALWAYS,Georgia
13073,0.061,0.064,0.095,0.234,0.547,ALWAYS,Georgia
13075,0.098,0.134,0.123,0.203,0.441,ALWAYS,Georgia
13077,0.105,0.053,0.183,0.204,0.455,ALWAYS,Georgia
13079,0.057,0.051,0.231,0.192,0.468,ALWAYS,Georgia
13081,0.119,0.023,0.06,0.163,0.635,ALWAYS,Georgia
13083,0.128,0.222,0.13,0.249,0.27,ALWAYS,Georgia
13085,0.049,0.09,0.128,0.162,0.571,ALWAYS,Georgia
13087,0.093,0.04,0.171,0.18,0.516,ALWAYS,Georgia
13089,0.036,0.028,0.075,0.156,0.704,ALWAYS,Georgia
13091,0.145,0.025,0.15,0.236,0.443,ALWAYS,Georgia
13093,0.077,0.034,0.058,0.204,0.627,ALWAYS,Georgia
13095,0.033,0.037,0.045,0.159,0.726,ALWAYS,Georgia
13097,0.083,0.037,0.09,0.198,0.591,ALWAYS,Georgia
13099,0.045,0.062,0.156,0.253,0.485,ALWAYS,Georgia
13101,0.097,0.073,0.182,0.202,0.446,ALWAYS,Georgia
13103,0.044,0.064,0.145,0.272,0.475,ALWAYS,Georgia
13105,0.132,0.177,0.081,0.107,0.503,ALWAYS,Georgia
13107,0.062,0.044,0.142,0.252,0.5,ALWAYS,Georgia
13109,0.03,0.078,0.229,0.29,0.372,ALWAYS,Georgia
13111,0.075,0.088,0.125,0.112,0.6,ALWAYS,Georgia
13113,0.06,0.086,0.131,0.218,0.505,ALWAYS,Georgia
13115,0.186,0.036,0.234,0.148,0.395,ALWAYS,Georgia
13117,0.035,0.048,0.083,0.193,0.641,ALWAYS,Georgia
13119,0.168,0.074,0.117,0.215,0.425,ALWAYS,Georgia
13121,0.026,0.036,0.089,0.187,0.662,ALWAYS,Georgia
13123,0.128,0.042,0.087,0.198,0.545,ALWAYS,Georgia
13125,0.156,0.066,0.107,0.13,0.541,ALWAYS,Georgia
13127,0.048,0.071,0.145,0.251,0.485,ALWAYS,Georgia
13129,0.172,0.1,0.201,0.157,0.369,ALWAYS,Georgia
13131,0.063,0.139,0.116,0.264,0.417,ALWAYS,Georgia
13133,0.062,0.046,0.057,0.176,0.658,ALWAYS,Georgia
13135,0.036,0.054,0.081,0.19,0.639,ALWAYS,Georgia
13137,0.063,0.1,0.116,0.292,0.43,ALWAYS,Georgia
13139,0.061,0.069,0.128,0.198,0.545,ALWAYS,Georgia
13141,0.043,0.111,0.102,0.168,0.575,ALWAYS,Georgia
13143,0.184,0.123,0.165,0.184,0.345,ALWAYS,Georgia
13145,0.093,0.081,0.061,0.213,0.551,ALWAYS,Georgia
13147,0.092,0.061,0.14,0.207,0.5,ALWAYS,Georgia
13149,0.126,0.094,0.166,0.144,0.471,ALWAYS,Georgia
13151,0.103,0.048,0.091,0.181,0.578,ALWAYS,Georgia
13153,0.032,0.079,0.136,0.172,0.581,ALWAYS,Georgia
13155,0.098,0.091,0.126,0.224,0.46,ALWAYS,Georgia
13157,0.125,0.085,0.117,0.24,0.434,ALWAYS,Georgia
13159,0.082,0.059,0.181,0.118,0.56,ALWAYS,Georgia
13161,0.124,0.138,0.165,0.183,0.39,ALWAYS,Georgia
13163,0.251,0.055,0.099,0.102,0.493,ALWAYS,Georgia
13165,0.114,0.053,0.084,0.261,0.488,ALWAYS,Georgia
13167,0.119,0.053,0.109,0.251,0.468,ALWAYS,Georgia
13169,0.049,0.087,0.226,0.209,0.43,ALWAYS,Georgia
13171,0.07,0.06,0.171,0.293,0.406,ALWAYS,Georgia
13173,0.102,0.07,0.145,0.181,0.502,ALWAYS,Georgia
13175,0.122,0.056,0.141,0.291,0.391,ALWAYS,Georgia
13177,0.035,0.033,0.039,0.162,0.732,ALWAYS,Georgia
13179,0.007,0.099,0.066,0.215,0.614,ALWAYS,Georgia
13181,0.073,0.104,0.111,0.233,0.479,ALWAYS,Georgia
13183,0.014,0.119,0.086,0.159,0.621,ALWAYS,Georgia
13185,0.108,0.101,0.149,0.208,0.435,ALWAYS,Georgia
13187,0.035,0.086,0.13,0.245,0.504,ALWAYS,Georgia
13189,0.072,0.053,0.123,0.265,0.488,ALWAYS,Georgia
13191,0.034,0.076,0.188,0.221,0.481,ALWAYS,Georgia
13193,0.078,0.049,0.113,0.21,0.55,ALWAYS,Georgia
13195,0.165,0.084,0.055,0.186,0.511,ALWAYS,Georgia
13197,0.084,0.12,0.167,0.196,0.433,ALWAYS,Georgia
13199,0.109,0.086,0.138,0.15,0.517,ALWAYS,Georgia
13201,0.064,0.056,0.182,0.159,0.539,ALWAYS,Georgia
13205,0.044,0.112,0.055,0.159,0.63,ALWAYS,Georgia
13207,0.072,0.035,0.184,0.253,0.455,ALWAYS,Georgia
13209,0.114,0.083,0.174,0.228,0.401,ALWAYS,Georgia
13211,0.061,0.064,0.093,0.168,0.614,ALWAYS,Georgia
13213,0.193,0.03,0.182,0.177,0.417,ALWAYS,Georgia
13215,0.063,0.073,0.083,0.225,0.555,ALWAYS,Georgia
13217,0.094,0.076,0.123,0.207,0.5,ALWAYS,Georgia
13219,0.049,0.063,0.095,0.181,0.611,ALWAYS,Georgia
13221,0.056,0.082,0.054,0.181,0.627,ALWAYS,Georgia
13223,0.097,0.068,0.108,0.233,0.494,ALWAYS,Georgia
13225,0.027,0.074,0.172,0.16,0.567,ALWAYS,Georgia
13227,0.038,0.118,0.101,0.188,0.555,ALWAYS,Georgia
13229,0.05,0.143,0.127,0.157,0.522,ALWAYS,Georgia
13231,0.059,0.06,0.147,0.192,0.542,ALWAYS,Georgia
13233,0.106,0.071,0.192,0.145,0.485,ALWAYS,Georgia
13235,0.079,0.031,0.098,0.218,0.575,ALWAYS,Georgia
13237,0.059,0.093,0.118,0.214,0.516,ALWAYS,Georgia
13239,0.053,0.15,0.095,0.163,0.538,ALWAYS,Georgia
13241,0.1,0.083,0.124,0.229,0.464,ALWAYS,Georgia
13243,0.016,0.065,0.05,0.2,0.669,ALWAYS,Georgia
13245,0.068,0.059,0.114,0.18,0.578,ALWAYS,Georgia
13247,0.058,0.078,0.115,0.216,0.534,ALWAYS,Georgia
13249,0.07,0.102,0.117,0.214,0.497,ALWAYS,Georgia
13251,0.198,0.069,0.081,0.242,0.41,ALWAYS,Georgia
13253,0.073,0.079,0.202,0.135,0.51,ALWAYS,Georgia
13255,0.072,0.038,0.179,0.202,0.509,ALWAYS,Georgia
13257,0.087,0.116,0.116,0.31,0.37,ALWAYS,Georgia
13259,0.055,0.092,0.133,0.203,0.517,ALWAYS,Georgia
13261,0.055,0.056,0.046,0.202,0.641,ALWAYS,Georgia
13263,0.168,0.08,0.089,0.171,0.492,ALWAYS,Georgia
13265,0.065,0.048,0.086,0.158,0.644,ALWAYS,Georgia
13267,0.051,0.076,0.214,0.224,0.434,ALWAYS,Georgia
13269,0.126,0.069,0.182,0.201,0.422,ALWAYS,Georgia
13271,0.156,0.075,0.134,0.208,0.427,ALWAYS,Georgia
13273,0.019,0.029,0.03,0.167,0.755,ALWAYS,Georgia
13275,0.026,0.096,0.12,0.228,0.53,ALWAYS,Georgia
13277,0.066,0.088,0.122,0.227,0.496,ALWAYS,Georgia
13279,0.097,0.069,0.179,0.226,0.429,ALWAYS,Georgia
13281,0.076,0.096,0.098,0.199,0.531,ALWAYS,Georgia
13283,0.096,0.07,0.168,0.267,0.399,ALWAYS,Georgia
13285,0.175,0.031,0.119,0.178,0.497,ALWAYS,Georgia
13287,0.141,0.042,0.094,0.175,0.547,ALWAYS,Georgia
13289,0.04,0.077,0.188,0.148,0.547,ALWAYS,Georgia
13291,0.065,0.119,0.087,0.168,0.56,ALWAYS,Georgia
13293,0.16,0.1,0.114,0.206,0.421,ALWAYS,Georgia
13295,0.144,0.164,0.117,0.21,0.366,ALWAYS,Georgia
13297,0.106,0.127,0.184,0.141,0.442,ALWAYS,Georgia
13299,0.061,0.108,0.109,0.166,0.556,ALWAYS,Georgia
13301,0.095,0.065,0.14,0.226,0.474,ALWAYS,Georgia
13303,0.104,0.07,0.053,0.157,0.617,ALWAYS,Georgia
13305,0.029,0.139,0.143,0.139,0.55,ALWAYS,Georgia
13307,0.019,0.064,0.103,0.21,0.603,ALWAYS,Georgia
13309,0.135,0.078,0.162,0.23,0.395,ALWAYS,Georgia
13311,0.057,0.064,0.099,0.347,0.433,ALWAYS,Georgia
13313,0.185,0.068,0.203,0.142,0.403,ALWAYS,Georgia
13315,0.173,0.017,0.083,0.157,0.569,ALWAYS,Georgia
13317,0.08,0.086,0.114,0.172,0.548,ALWAYS,Georgia
13319,0.039,0.062,0.141,0.224,0.534,ALWAYS,Georgia
13321,0.069,0.056,0.083,0.187,0.605,ALWAYS,Georgia
15001,0.01,0.032,0.037,0.122,0.799,ALWAYS,Hawaii
15003,0.011,0.012,0.027,0.151,0.798,ALWAYS,Hawaii
15005,0.026,0.013,0.032,0.08,0.85,ALWAYS,Hawaii
15007,0,0.021,0.046,0.108,0.825,ALWAYS,Hawaii
15009,0.034,0.016,0.025,0.122,0.803,ALWAYS,Hawaii
16001,0.118,0.078,0.084,0.194,0.526,ALWAYS,Idaho
16003,0.094,0.216,0.218,0.218,0.254,ALWAYS,Idaho
16005,0.084,0.193,0.176,0.195,0.352,ALWAYS,Idaho
16007,0.151,0.12,0.102,0.243,0.385,ALWAYS,Idaho
16009,0.038,0.059,0.15,0.152,0.601,ALWAYS,Idaho
16011,0.095,0.197,0.175,0.229,0.304,ALWAYS,Idaho
16013,0.155,0.107,0.102,0.13,0.506,ALWAYS,Idaho
16015,0.057,0.038,0.038,0.549,0.318,FREQUENTLY,Idaho
16017,0.088,0.116,0.119,0.241,0.436,ALWAYS,Idaho
16019,0.096,0.202,0.188,0.247,0.268,ALWAYS,Idaho
16021,0.045,0.171,0.061,0.185,0.537,ALWAYS,Idaho
16023,0.107,0.213,0.159,0.222,0.298,ALWAYS,Idaho
16025,0.186,0.03,0.047,0.098,0.639,ALWAYS,Idaho
16027,0.113,0.095,0.17,0.24,0.381,ALWAYS,Idaho
16029,0.1,0.181,0.191,0.202,0.326,ALWAYS,Idaho
16031,0.134,0.223,0.102,0.149,0.392,ALWAYS,Idaho
16033,0.119,0.228,0.196,0.239,0.218,FREQUENTLY,Idaho
16035,0.037,0.112,0.127,0.25,0.475,ALWAYS,Idaho
16037,0.069,0.029,0.199,0.244,0.458,ALWAYS,Idaho
16039,0.206,0.044,0.038,0.173,0.539,ALWAYS,Idaho
16041,0.131,0.118,0.085,0.256,0.41,ALWAYS,Idaho
16043,0.111,0.206,0.202,0.247,0.233,FREQUENTLY,Idaho
16045,0.119,0.136,0.111,0.198,0.436,ALWAYS,Idaho
16047,0.211,0.202,0.089,0.153,0.345,ALWAYS,Idaho
16049,0.045,0.094,0.164,0.275,0.423,ALWAYS,Idaho
16051,0.099,0.208,0.192,0.249,0.252,ALWAYS,Idaho
16053,0.175,0.219,0.096,0.167,0.343,ALWAYS,Idaho
16055,0.146,0.105,0.17,0.22,0.359,ALWAYS,Idaho
16057,0.002,0.012,0.066,0.328,0.592,ALWAYS,Idaho
16059,0.109,0.173,0.231,0.125,0.362,ALWAYS,Idaho
16061,0.027,0.073,0.157,0.285,0.459,ALWAYS,Idaho
16063,0.18,0.2,0.105,0.135,0.379,ALWAYS,Idaho
16065,0.101,0.207,0.196,0.25,0.245,FREQUENTLY,Idaho
16067,0.134,0.219,0.106,0.152,0.39,ALWAYS,Idaho
16069,0.009,0.03,0.117,0.326,0.517,ALWAYS,Idaho
16071,0.083,0.173,0.153,0.185,0.406,ALWAYS,Idaho
16073,0.123,0.137,0.146,0.171,0.423,ALWAYS,Idaho
16075,0.081,0.199,0.174,0.242,0.304,ALWAYS,Idaho
16077,0.078,0.205,0.152,0.185,0.381,ALWAYS,Idaho
16079,0.068,0.144,0.299,0.147,0.342,ALWAYS,Idaho
16081,0.099,0.189,0.19,0.25,0.272,ALWAYS,Idaho
16083,0.166,0.222,0.101,0.177,0.335,ALWAYS,Idaho
16085,0.041,0.118,0.102,0.378,0.361,FREQUENTLY,Idaho
16087,0.136,0.13,0.324,0.172,0.239,SOMETIMES,Idaho
17001,0.18,0.092,0.189,0.19,0.35,ALWAYS,Illinois
17003,0.11,0.082,0.148,0.262,0.398,ALWAYS,Illinois
17005,0.07,0.055,0.108,0.218,0.549,ALWAYS,Illinois
17007,0.025,0.006,0.065,0.244,0.66,ALWAYS,Illinois
17009,0.18,0.099,0.136,0.2,0.385,ALWAYS,Illinois
17011,0.012,0.019,0.156,0.208,0.605,ALWAYS,Illinois
17013,0.082,0.06,0.219,0.366,0.273,FREQUENTLY,Illinois
17015,0.03,0.064,0.12,0.19,0.596,ALWAYS,Illinois
17017,0.103,0.08,0.19,0.187,0.441,ALWAYS,Illinois
17019,0,0.067,0.08,0.192,0.661,ALWAYS,Illinois
17021,0.059,0.057,0.091,0.19,0.603,ALWAYS,Illinois
17023,0.127,0.089,0.107,0.226,0.451,ALWAYS,Illinois
17025,0.062,0.115,0.145,0.306,0.372,ALWAYS,Illinois
17027,0.102,0.063,0.083,0.166,0.587,ALWAYS,Illinois
17029,0.112,0.055,0.201,0.221,0.411,ALWAYS,Illinois
17031,0.023,0.021,0.072,0.162,0.722,ALWAYS,Illinois
17033,0.146,0.196,0.047,0.219,0.392,ALWAYS,Illinois
17035,0.095,0.075,0.194,0.212,0.424,ALWAYS,Illinois
17037,0.007,0.012,0.034,0.191,0.756,ALWAYS,Illinois
17039,0.035,0.106,0.073,0.28,0.507,ALWAYS,Illinois
17041,0.048,0.061,0.105,0.191,0.594,ALWAYS,Illinois
17043,0.01,0.01,0.056,0.163,0.76,ALWAYS,Illinois
17045,0.174,0.09,0.131,0.208,0.398,ALWAYS,Illinois
17047,0.086,0.148,0.233,0.306,0.228,FREQUENTLY,Illinois
17049,0.072,0.072,0.214,0.232,0.41,ALWAYS,Illinois
17051,0.069,0.076,0.156,0.229,0.47,ALWAYS,Illinois
17053,0.011,0.082,0.167,0.172,0.567,ALWAYS,Illinois
17055,0.099,0.166,0.119,0.211,0.405,ALWAYS,Illinois
17057,0.016,0.03,0.311,0.199,0.444,ALWAYS,Illinois
17059,0.201,0.06,0.128,0.238,0.373,ALWAYS,Illinois
17061,0.136,0.029,0.109,0.217,0.508,ALWAYS,Illinois
17063,0.056,0.056,0.105,0.183,0.599,ALWAYS,Illinois
17065,0.138,0.179,0.1,0.21,0.373,ALWAYS,Illinois
17067,0.147,0.154,0.125,0.163,0.411,ALWAYS,Illinois
17069,0.163,0.072,0.235,0.191,0.34,ALWAYS,Illinois
17071,0.096,0.044,0.101,0.155,0.604,ALWAYS,Illinois
17073,0.067,0.072,0.061,0.203,0.597,ALWAYS,Illinois
17075,0.097,0.168,0.069,0.242,0.424,ALWAYS,Illinois
17077,0.066,0.078,0.151,0.209,0.496,ALWAYS,Illinois
17079,0.099,0.135,0.131,0.254,0.38,ALWAYS,Illinois
17081,0.122,0.126,0.08,0.279,0.393,ALWAYS,Illinois
17083,0.074,0.079,0.124,0.185,0.537,ALWAYS,Illinois
17085,0.034,0.104,0.22,0.178,0.465,ALWAYS,Illinois
17087,0.124,0.05,0.189,0.141,0.496,ALWAYS,Illinois
17089,0.013,0.026,0.048,0.165,0.748,ALWAYS,Illinois
17091,0.044,0.084,0.096,0.249,0.527,ALWAYS,Illinois
17093,0.001,0.009,0.065,0.136,0.788,ALWAYS,Illinois
17095,0.035,0.031,0.194,0.246,0.494,ALWAYS,Illinois
17097,0.02,0.018,0.046,0.146,0.769,ALWAYS,Illinois
17099,0.018,0.046,0.113,0.267,0.556,ALWAYS,Illinois
17101,0.197,0.157,0.105,0.281,0.26,FREQUENTLY,Illinois
17103,0.013,0.054,0.058,0.224,0.65,ALWAYS,Illinois
17105,0.03,0.147,0.08,0.234,0.51,ALWAYS,Illinois
17107,0.046,0.045,0.23,0.128,0.551,ALWAYS,Illinois
17109,0.041,0.091,0.097,0.182,0.59,ALWAYS,Illinois
17111,0.03,0.012,0.066,0.176,0.716,ALWAYS,Illinois
17113,0.085,0.062,0.091,0.201,0.561,ALWAYS,Illinois
17115,0.016,0.062,0.088,0.286,0.549,ALWAYS,Illinois
17117,0.015,0.05,0.147,0.227,0.561,ALWAYS,Illinois
17119,0.035,0.045,0.083,0.189,0.648,ALWAYS,Illinois
17121,0.1,0.093,0.101,0.302,0.404,ALWAYS,Illinois
17123,0.048,0.083,0.133,0.198,0.538,ALWAYS,Illinois
17125,0.238,0.031,0.292,0.126,0.313,ALWAYS,Illinois
17127,0.097,0.043,0.232,0.256,0.373,ALWAYS,Illinois
17129,0.102,0.047,0.138,0.172,0.54,ALWAYS,Illinois
17131,0.039,0.066,0.11,0.215,0.571,ALWAYS,Illinois
17133,0.003,0.04,0.112,0.174,0.67,ALWAYS,Illinois
17135,0.018,0.05,0.091,0.316,0.525,ALWAYS,Illinois
17137,0.05,0.062,0.177,0.178,0.533,ALWAYS,Illinois
17139,0.081,0.073,0.213,0.243,0.39,ALWAYS,Illinois
17141,0.053,0.045,0.129,0.184,0.589,ALWAYS,Illinois
17143,0.039,0.036,0.096,0.251,0.577,ALWAYS,Illinois
17145,0.055,0.092,0.104,0.358,0.392,ALWAYS,Illinois
17147,0.003,0.052,0.06,0.198,0.688,ALWAYS,Illinois
17149,0.138,0.079,0.218,0.205,0.36,ALWAYS,Illinois
17151,0.104,0.054,0.213,0.214,0.415,ALWAYS,Illinois
17153,0.117,0.064,0.189,0.225,0.405,ALWAYS,Illinois
17155,0.021,0.025,0.168,0.251,0.535,ALWAYS,Illinois
17157,0.008,0.032,0.117,0.391,0.452,ALWAYS,Illinois
17159,0.111,0.151,0.107,0.3,0.331,ALWAYS,Illinois
17161,0.078,0.025,0.066,0.235,0.596,ALWAYS,Illinois
17163,0.032,0.027,0.037,0.138,0.767,ALWAYS,Illinois
17165,0.117,0.106,0.111,0.204,0.462,ALWAYS,Illinois
17167,0.017,0.03,0.155,0.233,0.564,ALWAYS,Illinois
17169,0.132,0.1,0.152,0.198,0.417,ALWAYS,Illinois
17171,0.113,0.057,0.148,0.162,0.52,ALWAYS,Illinois
17173,0.07,0.047,0.168,0.245,0.469,ALWAYS,Illinois
17175,0.013,0.101,0.058,0.155,0.672,ALWAYS,Illinois
17177,0.036,0.059,0.041,0.222,0.644,ALWAYS,Illinois
17179,0.044,0.04,0.141,0.215,0.56,ALWAYS,Illinois
17181,0.1,0.078,0.162,0.195,0.466,ALWAYS,Illinois
17183,0.023,0.119,0.088,0.266,0.504,ALWAYS,Illinois
17185,0.078,0.113,0.271,0.325,0.212,FREQUENTLY,Illinois
17187,0.042,0.02,0.141,0.276,0.522,ALWAYS,Illinois
17189,0.118,0.046,0.053,0.327,0.456,ALWAYS,Illinois
17191,0.086,0.142,0.128,0.3,0.345,ALWAYS,Illinois
17193,0.19,0.144,0.095,0.239,0.332,ALWAYS,Illinois
17195,0.025,0.066,0.042,0.218,0.649,ALWAYS,Illinois
17197,0.041,0.024,0.062,0.134,0.739,ALWAYS,Illinois
17199,0.095,0.122,0.136,0.183,0.464,ALWAYS,Illinois
17201,0.031,0.03,0.089,0.193,0.657,ALWAYS,Illinois
17203,0.062,0.067,0.112,0.242,0.517,ALWAYS,Illinois
18001,0.136,0.047,0.16,0.348,0.309,FREQUENTLY,Indiana
18003,0.07,0.14,0.099,0.228,0.464,ALWAYS,Indiana
18005,0.138,0.084,0.085,0.286,0.406,ALWAYS,Indiana
18007,0.082,0.126,0.112,0.183,0.496,ALWAYS,Indiana
18009,0.093,0.152,0.106,0.203,0.447,ALWAYS,Indiana
18011,0.052,0.085,0.142,0.308,0.413,ALWAYS,Indiana
18013,0.055,0.061,0.041,0.184,0.66,ALWAYS,Indiana
18015,0.059,0.104,0.17,0.22,0.447,ALWAYS,Indiana
18017,0.037,0.192,0.283,0.206,0.283,SOMETIMES,Indiana
18019,0.068,0.06,0.141,0.228,0.501,ALWAYS,Indiana
18021,0.122,0.073,0.112,0.226,0.466,ALWAYS,Indiana
18023,0.088,0.033,0.132,0.285,0.462,ALWAYS,Indiana
18025,0.067,0.089,0.118,0.261,0.465,ALWAYS,Indiana
18027,0.049,0.061,0.13,0.214,0.546,ALWAYS,Indiana
18029,0.083,0.1,0.168,0.277,0.371,ALWAYS,Indiana
18031,0.175,0.083,0.101,0.204,0.437,ALWAYS,Indiana
18033,0.109,0.074,0.118,0.149,0.55,ALWAYS,Indiana
18035,0.095,0.109,0.124,0.197,0.475,ALWAYS,Indiana
18037,0.01,0.105,0.086,0.25,0.55,ALWAYS,Indiana
18039,0.03,0.097,0.094,0.252,0.528,ALWAYS,Indiana
18041,0.161,0.041,0.048,0.237,0.514,ALWAYS,Indiana
18043,0.053,0.086,0.154,0.233,0.474,ALWAYS,Indiana
18045,0.077,0.089,0.147,0.212,0.474,ALWAYS,Indiana
18047,0.07,0.082,0.104,0.199,0.545,ALWAYS,Indiana
18049,0.142,0.114,0.128,0.217,0.399,ALWAYS,Indiana
18051,0.09,0.1,0.204,0.255,0.351,ALWAYS,Indiana
18053,0.053,0.108,0.133,0.311,0.393,ALWAYS,Indiana
18055,0.099,0.027,0.081,0.235,0.558,ALWAYS,Indiana
18057,0.07,0.051,0.049,0.234,0.596,ALWAYS,Indiana
18059,0.068,0.04,0.166,0.306,0.42,ALWAYS,Indiana
18061,0.094,0.084,0.205,0.258,0.359,ALWAYS,Indiana
18063,0.054,0.052,0.113,0.257,0.523,ALWAYS,Indiana
18065,0.183,0.148,0.125,0.111,0.434,ALWAYS,Indiana
18067,0.008,0.083,0.183,0.301,0.426,ALWAYS,Indiana
18069,0.15,0.182,0.053,0.199,0.416,ALWAYS,Indiana
18071,0.097,0.098,0.105,0.388,0.312,FREQUENTLY,Indiana
18073,0.186,0.1,0.065,0.328,0.321,FREQUENTLY,Indiana
18075,0.141,0.139,0.157,0.235,0.328,ALWAYS,Indiana
18077,0.083,0.219,0.218,0.225,0.255,ALWAYS,Indiana
18079,0.095,0.105,0.172,0.308,0.319,ALWAYS,Indiana
18081,0.057,0.094,0.1,0.192,0.557,ALWAYS,Indiana
18083,0.158,0.125,0.121,0.259,0.338,ALWAYS,Indiana
18085,0.073,0.147,0.089,0.195,0.496,ALWAYS,Indiana
18087,0.059,0.082,0.171,0.236,0.452,ALWAYS,Indiana
18089,0.043,0.057,0.088,0.219,0.592,ALWAYS,Indiana
18091,0.084,0.075,0.168,0.206,0.466,ALWAYS,Indiana
18093,0.092,0.117,0.109,0.191,0.491,ALWAYS,Indiana
18095,0.062,0.084,0.15,0.145,0.559,ALWAYS,Indiana
18097,0.051,0.053,0.116,0.232,0.548,ALWAYS,Indiana
18099,0.12,0.103,0.159,0.229,0.389,ALWAYS,Indiana
18101,0.041,0.064,0.123,0.223,0.55,ALWAYS,Indiana
18103,0.054,0.125,0.253,0.226,0.343,ALWAYS,Indiana
18105,0.037,0.037,0.094,0.242,0.591,ALWAYS,Indiana
18107,0.07,0.116,0.168,0.156,0.49,ALWAYS,Indiana
18109,0.06,0.131,0.136,0.188,0.485,ALWAYS,Indiana
18111,0.102,0.153,0.092,0.338,0.316,FREQUENTLY,Indiana
18113,0.057,0.11,0.135,0.197,0.5,ALWAYS,Indiana
18115,0.06,0.078,0.18,0.223,0.459,ALWAYS,Indiana
18117,0.096,0.086,0.073,0.315,0.43,ALWAYS,Indiana
18119,0.094,0.038,0.087,0.282,0.5,ALWAYS,Indiana
18121,0.116,0.111,0.174,0.195,0.405,ALWAYS,Indiana
18123,0.01,0.109,0.087,0.252,0.542,ALWAYS,Indiana
18125,0.052,0.089,0.163,0.2,0.495,ALWAYS,Indiana
18127,0.05,0.1,0.108,0.231,0.512,ALWAYS,Indiana
18129,0.132,0.056,0.115,0.226,0.472,ALWAYS,Indiana
18131,0.135,0.219,0.171,0.253,0.223,FREQUENTLY,Indiana
18133,0.075,0.162,0.204,0.194,0.366,ALWAYS,Indiana
18135,0.128,0.13,0.228,0.179,0.336,ALWAYS,Indiana
18137,0.054,0.074,0.15,0.294,0.429,ALWAYS,Indiana
18139,0.133,0.118,0.063,0.279,0.408,ALWAYS,Indiana
18141,0.031,0.04,0.102,0.228,0.598,ALWAYS,Indiana
18143,0.036,0.073,0.168,0.263,0.46,ALWAYS,Indiana
18145,0.16,0.057,0.177,0.193,0.413,ALWAYS,Indiana
18147,0.017,0.134,0.104,0.216,0.529,ALWAYS,Indiana
18149,0.177,0.151,0.088,0.219,0.365,ALWAYS,Indiana
18151,0.04,0.089,0.17,0.169,0.532,ALWAYS,Indiana
